              log_Mi              initial_q                     Pi                    M1f                    M2f                     Pf                 CaseBB      merge_fraction_NS    disrupt_fraction_NS      merge_fraction_BH    disrupt_fraction_BH   
        1.750000e+00           1.000000e-01           1.200000e+00           3.399661e+01           1.007157e+00           3.515883e+02           1.000000e+00           0.000000e+00           0.000000e+00           0.000000e+00           0.000000e+00   
        1.800000e+00           1.000000e-01           1.250000e+00           3.599354e+01           1.656893e+00           1.176555e+02           1.000000e+00           0.000000e+00           0.000000e+00           0.000000e+00           0.000000e+00   
        1.800000e+00           1.000000e-01           1.300000e+00           3.755229e+01           1.090096e+00           4.528962e+02           1.000000e+00           0.000000e+00           0.000000e+00           0.000000e+00           0.000000e+00   
        1.850000e+00           1.000000e-01           1.300000e+00           3.711860e+01           1.958208e+00           9.140478e+01           1.000000e+00           0.000000e+00           0.000000e+00           0.000000e+00           0.000000e+00   
        1.850000e+00           1.000000e-01           1.350000e+00           3.983675e+01           1.854024e+00           1.415876e+02           1.000000e+00           0.000000e+00           0.000000e+00           0.000000e+00           0.000000e+00   
        1.850000e+00           1.000000e-01           1.400000e+00           4.095575e+01           1.206301e+00           5.413471e+02           1.000000e+00           0.000000e+00           0.000000e+00           0.000000e+00           0.000000e+00   
        1.900000e+00           1.000000e-01           1.400000e+00           4.185684e+01           2.395962e+00           9.505085e+01           1.000000e+00           0.000000e+00           0.000000e+00           0.000000e+00           0.000000e+00   
        1.900000e+00           1.000000e-01           1.450000e+00           4.342273e+01           2.404905e+00           1.057183e+02           1.000000e+00           0.000000e+00           0.000000e+00           0.000000e+00           0.000000e+00   
        1.950000e+00           1.000000e-01           1.450000e+00           4.274636e+01           2.834107e+00           7.784308e+01           0.000000e+00           4.960297e-03           8.668879e-01           0.000000e+00           2.224001e-03   
        1.900000e+00           1.000000e-01           1.500000e+00           4.440364e+01           2.413751e+00           1.121192e+02           1.000000e+00           0.000000e+00           0.000000e+00           0.000000e+00           0.000000e+00   
        1.950000e+00           1.000000e-01           1.500000e+00           4.547916e+01           2.844853e+00           9.165260e+01           0.000000e+00           3.958899e-03           8.788241e-01           0.000000e+00           3.823647e-03   
        1.950000e+00           1.000000e-01           1.550000e+00           4.689887e+01           2.850075e+00           1.002351e+02           0.000000e+00           3.318493e-03           8.819391e-01           0.000000e+00           4.301964e-03   
        2.000000e+00           1.000000e-01           1.550000e+00           4.698883e+01           3.399128e+00           7.594599e+01           0.000000e+00           5.424851e-03           8.563247e-01           0.000000e+00           1.449293e-03   
        1.950000e+00           1.000000e-01           1.600000e+00           4.795255e+01           2.853117e+00           1.062199e+02           0.000000e+00           3.139933e-03           8.867660e-01           0.000000e+00           5.377726e-03   
        2.000000e+00           1.000000e-01           1.600000e+00           4.926437e+01           3.407269e+00           8.642561e+01           0.000000e+00           4.646505e-03           8.635110e-01           0.000000e+00           2.224001e-03   
        2.050000e+00           1.000000e-01           1.600000e+00           4.590605e+01           3.978142e+00           5.690182e+01           0.000000e+00           8.541956e-03           8.259914e-01           0.000000e+00           0.000000e+00   
        2.000000e+00           1.000000e-01           1.650000e+00           5.053909e+01           3.411541e+00           9.311903e+01           0.000000e+00           4.139108e-03           8.695481e-01           0.000000e+00           2.446596e-03   
        2.050000e+00           1.000000e-01           1.650000e+00           5.110997e+01           4.015392e+00           7.602924e+01           0.000000e+00           5.815380e-03           8.478146e-01           0.000000e+00           7.865751e-04   
        2.000000e+00           1.000000e-01           1.700000e+00           5.162786e+01           3.414499e+00           9.796607e+01           0.000000e+00           3.848743e-03           8.727877e-01           0.000000e+00           2.840550e-03   
        2.050000e+00           1.000000e-01           1.700000e+00           5.298943e+01           4.020522e+00           8.371813e+01           0.000000e+00           5.127842e-03           8.541706e-01           0.000000e+00           1.044119e-03   
        2.100000e+00           1.000000e-01           1.700000e+00           5.011102e+01           4.716271e+00           5.902230e+01           0.000000e+00           8.634023e-03           8.208861e-01           0.000000e+00           0.000000e+00   
        2.000000e+00           1.000000e-01           1.750000e+00           5.232374e+01           3.417100e+00           1.025663e+02           0.000000e+00           3.692200e-03           8.763361e-01           0.000000e+00           3.287042e-03   
        2.050000e+00           1.000000e-01           1.750000e+00           5.422729e+01           4.024160e+00           8.935327e+01           0.000000e+00           4.722605e-03           8.591598e-01           0.000000e+00           1.562518e-03   
        2.100000e+00           1.000000e-01           1.750000e+00           5.461006e+01           4.728775e+00           7.235508e+01           0.000000e+00           6.965398e-03           8.353141e-01           0.000000e+00           3.771797e-04   
        2.000000e+00           1.000000e-01           1.800000e+00           5.297440e+01           3.418358e+00           1.055676e+02           0.000000e+00           3.505485e-03           8.780223e-01           0.000000e+00           3.287042e-03   
        2.050000e+00           1.000000e-01           1.800000e+00           5.360619e+01           4.022385e+00           8.655545e+01           0.000000e+00           4.934930e-03           8.572323e-01           0.000000e+00           1.449293e-03   
        2.100000e+00           1.000000e-01           1.800000e+00           5.653186e+01           4.734109e+00           7.926316e+01           0.000000e+00           6.135449e-03           8.403561e-01           0.000000e+00           5.639803e-04   
        2.150000e+00           1.000000e-01           1.800000e+00           5.590216e+01           5.552691e+00           6.305206e+01           0.000000e+00           8.640319e-03           8.166136e-01           0.000000e+00           0.000000e+00   
        2.050000e+00           1.000000e-01           1.850000e+00           5.596440e+01           4.028413e+00           9.649688e+01           0.000000e+00           4.260530e-03           8.620170e-01           0.000000e+00           2.037200e-03   
        2.100000e+00           1.000000e-01           1.850000e+00           5.787045e+01           4.737713e+00           8.442901e+01           0.000000e+00           5.541373e-03           8.464942e-01           0.000000e+00           7.865751e-04   
        2.150000e+00           1.000000e-01           1.850000e+00           5.851179e+01           5.560539e+00           7.196523e+01           0.000000e+00           7.283251e-03           8.282403e-01           0.000000e+00           0.000000e+00   
        2.050000e+00           1.000000e-01           1.900000e+00           5.670052e+01           4.030125e+00           1.001376e+02           0.000000e+00           4.032368e-03           8.656391e-01           0.000000e+00           2.224001e-03   
        2.100000e+00           1.000000e-01           1.900000e+00           5.886447e+01           4.740683e+00           8.889863e+01           0.000000e+00           5.191160e-03           8.502168e-01           0.000000e+00           1.044119e-03   
        2.200000e+00           1.000000e-01           1.900000e+00           5.955461e+01           6.491434e+00           6.300689e+01           0.000000e+00           9.033084e-03           8.100616e-01           0.000000e+00           0.000000e+00   
        2.100000e+00           1.000000e-01           1.950000e+00           5.976730e+01           4.742684e+00           9.268221e+01           0.000000e+00           4.760991e-03           8.541706e-01           0.000000e+00           1.044119e-03   
        2.250000e+00           1.000000e-01           1.950000e+00           5.936645e+01           7.560734e+00           5.320041e+01           0.000000e+00           1.137870e-02           7.893454e-01           0.000000e+00           0.000000e+00   
        1.650000e+00           1.500000e-01           1.050000e+00           2.926529e+01           1.759070e+00           8.247126e+01           1.000000e+00           0.000000e+00           0.000000e+00           0.000000e+00           0.000000e+00   
        1.700000e+00           1.500000e-01           1.100000e+00           3.157351e+01           2.064257e+00           7.819067e+01           1.000000e+00           0.000000e+00           0.000000e+00           0.000000e+00           0.000000e+00   
        1.700000e+00           1.500000e-01           1.150000e+00           3.209924e+01           2.090769e+00           8.132788e+01           1.000000e+00           0.000000e+00           0.000000e+00           0.000000e+00           0.000000e+00   
        1.750000e+00           1.500000e-01           1.150000e+00           3.431937e+01           2.531886e+00           6.464229e+01           1.000000e+00           0.000000e+00           0.000000e+00           0.000000e+00           0.000000e+00   
        1.750000e+00           1.500000e-01           1.200000e+00           3.500119e+01           2.555972e+00           6.686346e+01           1.000000e+00           0.000000e+00           0.000000e+00           0.000000e+00           0.000000e+00   
        1.800000e+00           1.500000e-01           1.200000e+00           3.721689e+01           2.985648e+00           5.932668e+01           0.000000e+00           6.693096e-03           8.535547e-01           0.000000e+00           1.082053e-03   
        1.750000e+00           1.500000e-01           1.250000e+00           3.550825e+01           2.585441e+00           6.867491e+01           1.000000e+00           0.000000e+00           0.000000e+00           0.000000e+00           0.000000e+00   
        1.800000e+00           1.500000e-01           1.250000e+00           3.778905e+01           3.015906e+00           6.165156e+01           0.000000e+00           6.527008e-03           8.566807e-01           0.000000e+00           1.449293e-03   
        1.850000e+00           1.500000e-01           1.250000e+00           3.985816e+01           3.595265e+00           5.149521e+01           0.000000e+00           8.885046e-03           8.306203e-01           0.000000e+00           2.268816e-04   
        1.800000e+00           1.500000e-01           1.300000e+00           3.824956e+01           3.047538e+00           6.369535e+01           0.000000e+00           6.132704e-03           8.591598e-01           0.000000e+00           1.562518e-03   
        1.850000e+00           1.500000e-01           1.300000e+00           4.052203e+01           3.623381e+00           5.426999e+01           0.000000e+00           8.169342e-03           8.347804e-01           0.000000e+00           3.771797e-04   
        1.900000e+00           1.500000e-01           1.300000e+00           4.254624e+01           4.254974e+00           4.745928e+01           0.000000e+00           1.043102e-02           8.127808e-01           0.000000e+00           0.000000e+00   
        1.800000e+00           1.500000e-01           1.350000e+00           3.865457e+01           3.080865e+00           6.514625e+01           0.000000e+00           5.979553e-03           8.595749e-01           0.000000e+00           1.562518e-03   
        1.850000e+00           1.500000e-01           1.350000e+00           4.102640e+01           3.652855e+00           5.643007e+01           0.000000e+00           7.790472e-03           8.387137e-01           0.000000e+00           5.639803e-04   
        1.900000e+00           1.500000e-01           1.350000e+00           4.328390e+01           4.282150e+00           5.020161e+01           0.000000e+00           9.802868e-03           8.176490e-01           0.000000e+00           0.000000e+00   
        1.950000e+00           1.500000e-01           1.350000e+00           4.526498e+01           5.033316e+00           4.380238e+01           0.000000e+00           1.230839e-02           7.969260e-01           0.000000e+00           0.000000e+00   
        1.850000e+00           1.500000e-01           1.400000e+00           4.142261e+01           3.678630e+00           5.842419e+01           0.000000e+00           7.300465e-03           8.402428e-01           0.000000e+00           5.639803e-04   
        1.900000e+00           1.500000e-01           1.400000e+00           4.382778e+01           4.311546e+00           5.237673e+01           0.000000e+00           9.235639e-03           8.227357e-01           0.000000e+00           0.000000e+00   
        1.950000e+00           1.500000e-01           1.400000e+00           4.608528e+01           5.059103e+00           4.651011e+01           0.000000e+00           1.142086e-02           8.029843e-01           0.000000e+00           0.000000e+00   
        2.000000e+00           1.500000e-01           1.400000e+00           4.789331e+01           5.930790e+00           4.068329e+01           0.000000e+00           1.407652e-02           7.788583e-01           0.000000e+00           0.000000e+00   
        1.850000e+00           1.500000e-01           1.450000e+00           4.179824e+01           3.693280e+00           6.065525e+01           0.000000e+00           6.983308e-03           8.439479e-01           0.000000e+00           7.865751e-04   
        1.900000e+00           1.500000e-01           1.450000e+00           4.428012e+01           4.336304e+00           5.437509e+01           0.000000e+00           8.695141e-03           8.253354e-01           0.000000e+00           0.000000e+00   
        1.950000e+00           1.500000e-01           1.450000e+00           4.671981e+01           5.086971e+00           4.866718e+01           0.000000e+00           1.089344e-02           8.062552e-01           0.000000e+00           0.000000e+00   
        2.000000e+00           1.500000e-01           1.450000e+00           4.890214e+01           5.952849e+00           4.334931e+01           0.000000e+00           1.310005e-02           7.853469e-01           0.000000e+00           0.000000e+00   
        2.050000e+00           1.500000e-01           1.450000e+00           5.074564e+01           6.958929e+00           3.832908e+01           0.000000e+00           1.601856e-02           7.677252e-01           0.000000e+00           0.000000e+00   
        1.900000e+00           1.500000e-01           1.500000e+00           4.467699e+01           4.351010e+00           5.658592e+01           0.000000e+00           8.289072e-03           8.298073e-01           0.000000e+00           1.136564e-04   
        1.950000e+00           1.500000e-01           1.500000e+00           4.729758e+01           5.110387e+00           5.056050e+01           0.000000e+00           1.050282e-02           8.095479e-01           0.000000e+00           0.000000e+00   
        2.000000e+00           1.500000e-01           1.500000e+00           4.966558e+01           5.977055e+00           4.552459e+01           0.000000e+00           1.239477e-02           7.897946e-01           0.000000e+00           0.000000e+00   
        2.050000e+00           1.500000e-01           1.500000e+00           5.191623e+01           6.978046e+00           4.094604e+01           0.000000e+00           1.473376e-02           7.729826e-01           0.000000e+00           0.000000e+00   
        2.100000e+00           1.500000e-01           1.500000e+00           5.342615e+01           8.156842e+00           3.595113e+01           0.000000e+00           1.815194e-02           7.509893e-01           0.000000e+00           0.000000e+00   
        1.900000e+00           1.500000e-01           1.550000e+00           4.501134e+01           4.357623e+00           5.893159e+01           0.000000e+00           7.737983e-03           8.336564e-01           0.000000e+00           2.268816e-04   
        1.950000e+00           1.500000e-01           1.550000e+00           4.762918e+01           5.124299e+00           5.253830e+01           0.000000e+00           9.750457e-03           8.126718e-01           0.000000e+00           0.000000e+00   
        2.000000e+00           1.500000e-01           1.550000e+00           5.025223e+01           6.000608e+00           4.746430e+01           0.000000e+00           1.170607e-02           7.958548e-01           0.000000e+00           0.000000e+00   
        2.050000e+00           1.500000e-01           1.550000e+00           5.269003e+01           6.999408e+00           4.321505e+01           0.000000e+00           1.374349e-02           7.771782e-01           0.000000e+00           0.000000e+00   
        2.100000e+00           1.500000e-01           1.550000e+00           5.487333e+01           8.171661e+00           3.854269e+01           0.000000e+00           1.673460e-02           7.595057e-01           0.000000e+00           0.000000e+00   
        2.150000e+00           1.500000e-01           1.550000e+00           5.633437e+01           9.551504e+00           3.348363e+01           0.000000e+00           2.060635e-02           7.362508e-01           0.000000e+00           0.000000e+00   
        1.900000e+00           1.500000e-01           1.600000e+00           4.554506e+01           4.360041e+00           6.091981e+01           0.000000e+00           7.609509e-03           8.357292e-01           0.000000e+00           3.771797e-04   
        1.950000e+00           1.500000e-01           1.600000e+00           4.802439e+01           5.130640e+00           5.471095e+01           0.000000e+00           9.297111e-03           8.170815e-01           0.000000e+00           0.000000e+00   
        2.000000e+00           1.500000e-01           1.600000e+00           5.069261e+01           6.017465e+00           4.944120e+01           0.000000e+00           1.133781e-02           7.997785e-01           0.000000e+00           0.000000e+00   
        2.050000e+00           1.500000e-01           1.600000e+00           5.334843e+01           7.022180e+00           4.512454e+01           0.000000e+00           1.308812e-02           7.810503e-01           0.000000e+00           0.000000e+00   
        2.100000e+00           1.500000e-01           1.600000e+00           5.565534e+01           8.190794e+00           4.093438e+01           0.000000e+00           1.555616e-02           7.647410e-01           0.000000e+00           0.000000e+00   
        2.150000e+00           1.500000e-01           1.600000e+00           5.759334e+01           9.570258e+00           3.635589e+01           0.000000e+00           1.863152e-02           7.441933e-01           0.000000e+00           0.000000e+00   
        1.950000e+00           1.500000e-01           1.650000e+00           4.860095e+01           5.132677e+00           5.659505e+01           0.000000e+00           8.881726e-03           8.204414e-01           0.000000e+00           0.000000e+00   
        2.000000e+00           1.500000e-01           1.650000e+00           5.118354e+01           6.016426e+00           5.156572e+01           0.000000e+00           1.049955e-02           8.035180e-01           0.000000e+00           0.000000e+00   
        2.050000e+00           1.500000e-01           1.650000e+00           5.386619e+01           7.039659e+00           4.699426e+01           0.000000e+00           1.239341e-02           7.864405e-01           0.000000e+00           0.000000e+00   
        2.100000e+00           1.500000e-01           1.650000e+00           5.660682e+01           8.207984e+00           4.271088e+01           0.000000e+00           1.478399e-02           7.680167e-01           0.000000e+00           0.000000e+00   
        2.150000e+00           1.500000e-01           1.650000e+00           5.876595e+01           9.587224e+00           3.856663e+01           0.000000e+00           1.736035e-02           7.509577e-01           0.000000e+00           0.000000e+00   
        2.200000e+00           1.500000e-01           1.650000e+00           6.049900e+01           1.114806e+01           3.436927e+01           0.000000e+00           2.042247e-02           7.337724e-01           0.000000e+00           0.000000e+00   
        1.950000e+00           1.500000e-01           1.700000e+00           4.913561e+01           5.135266e+00           5.838966e+01           0.000000e+00           8.516180e-03           8.230593e-01           0.000000e+00           0.000000e+00   
        2.000000e+00           1.500000e-01           1.700000e+00           5.171553e+01           6.018925e+00           5.343961e+01           0.000000e+00           1.035899e-02           8.068238e-01           0.000000e+00           0.000000e+00   
        2.050000e+00           1.500000e-01           1.700000e+00           5.435835e+01           7.025921e+00           4.922290e+01           0.000000e+00           1.187098e-02           7.897878e-01           0.000000e+00           0.000000e+00   
        2.100000e+00           1.500000e-01           1.700000e+00           5.712720e+01           8.227608e+00           4.466187e+01           0.000000e+00           1.403434e-02           7.731602e-01           0.000000e+00           0.000000e+00   
        2.150000e+00           1.500000e-01           1.700000e+00           5.956047e+01           9.606340e+00           4.062376e+01           0.000000e+00           1.629990e-02           7.558260e-01           0.000000e+00           0.000000e+00   
        2.000000e+00           1.500000e-01           1.750000e+00           5.225780e+01           6.020776e+00           5.520431e+01           0.000000e+00           9.927141e-03           8.099113e-01           0.000000e+00           0.000000e+00   
        2.050000e+00           1.500000e-01           1.750000e+00           5.494577e+01           7.028416e+00           5.094910e+01           0.000000e+00           1.123199e-02           7.958548e-01           0.000000e+00           0.000000e+00   
        2.100000e+00           1.500000e-01           1.750000e+00           5.765676e+01           8.187068e+00           4.721009e+01           0.000000e+00           1.311302e-02           7.782789e-01           0.000000e+00           0.000000e+00   
        2.000000e+00           1.500000e-01           1.800000e+00           5.281872e+01           6.022236e+00           5.684775e+01           0.000000e+00           9.379650e-03           8.110670e-01           0.000000e+00           0.000000e+00   
        2.050000e+00           1.500000e-01           1.800000e+00           5.552659e+01           7.029848e+00           5.261048e+01           0.000000e+00           1.097572e-02           7.970496e-01           0.000000e+00           0.000000e+00   
        2.100000e+00           1.500000e-01           1.800000e+00           5.837955e+01           8.184929e+00           4.885071e+01           0.000000e+00           1.265436e-02           7.816522e-01           0.000000e+00           0.000000e+00   
        2.000000e+00           1.500000e-01           1.850000e+00           5.327501e+01           6.024412e+00           5.850769e+01           0.000000e+00           9.144127e-03           8.132807e-01           0.000000e+00           0.000000e+00   
        2.050000e+00           1.500000e-01           1.850000e+00           5.607148e+01           7.029605e+00           5.425274e+01           0.000000e+00           1.059894e-02           7.997647e-01           0.000000e+00           0.000000e+00   
        2.100000e+00           1.500000e-01           1.850000e+00           5.884428e+01           8.187577e+00           5.057855e+01           0.000000e+00           1.201858e-02           7.858660e-01           0.000000e+00           0.000000e+00   
        2.050000e+00           1.500000e-01           1.900000e+00           5.656642e+01           7.032111e+00           5.582720e+01           0.000000e+00           1.004575e-02           8.023204e-01           0.000000e+00           0.000000e+00   
        2.100000e+00           1.500000e-01           1.900000e+00           5.938273e+01           8.186784e+00           5.220502e+01           0.000000e+00           1.171455e-02           7.882742e-01           0.000000e+00           0.000000e+00   
        2.050000e+00           1.500000e-01           1.950000e+00           5.727647e+01           7.031774e+00           5.710209e+01           0.000000e+00           9.781617e-03           8.040316e-01           0.000000e+00           0.000000e+00   
        2.100000e+00           1.500000e-01           1.950000e+00           5.993929e+01           8.185421e+00           5.376634e+01           0.000000e+00           1.121610e-02           7.905401e-01           0.000000e+00           0.000000e+00   
        1.700000e+00           2.000000e-01           1.100000e+00           3.206780e+01           3.222374e+00           4.528287e+01           0.000000e+00           8.766136e-03           8.395424e-01           0.000000e+00           5.639803e-04   
        1.700000e+00           2.000000e-01           1.150000e+00           3.243187e+01           3.233187e+00           4.732515e+01           0.000000e+00           8.345873e-03           8.433989e-01           0.000000e+00           7.865751e-04   
        1.750000e+00           2.000000e-01           1.150000e+00           3.520466e+01           3.863006e+00           3.961674e+01           0.000000e+00           1.180612e-02           8.132945e-01           0.000000e+00           0.000000e+00   
        1.800000e+00           2.000000e-01           1.150000e+00           3.762802e+01           4.570861e+00           3.442221e+01           0.000000e+00           1.529158e-02           7.864180e-01           0.000000e+00           0.000000e+00   
        1.750000e+00           2.000000e-01           1.200000e+00           3.564294e+01           3.870128e+00           4.128298e+01           0.000000e+00           1.097639e-02           8.164726e-01           0.000000e+00           0.000000e+00   
        1.800000e+00           2.000000e-01           1.200000e+00           3.811794e+01           4.577983e+00           3.611200e+01           0.000000e+00           1.426234e-02           7.946601e-01           0.000000e+00           0.000000e+00   
        1.850000e+00           2.000000e-01           1.200000e+00           4.045396e+01           5.412361e+00           3.166968e+01           0.000000e+00           1.812586e-02           7.685300e-01           0.000000e+00           0.000000e+00   
        1.750000e+00           2.000000e-01           1.250000e+00           3.607220e+01           3.877328e+00           4.296802e+01           0.000000e+00           1.041598e-02           8.215020e-01           0.000000e+00           0.000000e+00   
        1.800000e+00           2.000000e-01           1.250000e+00           3.854036e+01           4.584782e+00           3.780506e+01           0.000000e+00           1.344642e-02           7.974730e-01           0.000000e+00           0.000000e+00   
        1.850000e+00           2.000000e-01           1.250000e+00           4.097678e+01           5.419451e+00           3.330101e+01           0.000000e+00           1.701853e-02           7.766416e-01           0.000000e+00           0.000000e+00   
        1.900000e+00           2.000000e-01           1.250000e+00           4.331267e+01           6.378076e+00           2.963058e+01           0.000000e+00           2.029403e-02           7.505834e-01           0.000000e+00           0.000000e+00   
        1.800000e+00           2.000000e-01           1.300000e+00           3.892730e+01           4.592750e+00           3.939334e+01           0.000000e+00           1.250541e-02           8.029843e-01           0.000000e+00           0.000000e+00   
        1.850000e+00           2.000000e-01           1.300000e+00           4.142080e+01           5.426063e+00           3.485828e+01           0.000000e+00           1.608328e-02           7.774783e-01           0.000000e+00           0.000000e+00   
        1.900000e+00           2.000000e-01           1.300000e+00           4.384928e+01           6.385197e+00           3.117368e+01           0.000000e+00           1.912089e-02           7.575323e-01           0.000000e+00           0.000000e+00   
        1.950000e+00           2.000000e-01           1.300000e+00           4.618299e+01           7.486509e+00           2.802229e+01           0.000000e+00           2.286668e-02           7.376859e-01           0.000000e+00           0.000000e+00   
        1.800000e+00           2.000000e-01           1.350000e+00           3.930073e+01           4.600552e+00           4.092150e+01           0.000000e+00           1.207941e-02           8.057082e-01           0.000000e+00           0.000000e+00   
        1.850000e+00           2.000000e-01           1.350000e+00           4.182116e+01           5.433149e+00           3.633624e+01           0.000000e+00           1.523788e-02           7.842176e-01           0.000000e+00           0.000000e+00   
        1.900000e+00           2.000000e-01           1.350000e+00           4.433401e+01           6.391954e+00           3.260578e+01           0.000000e+00           1.843841e-02           7.616440e-01           0.000000e+00           0.000000e+00   
        1.950000e+00           2.000000e-01           1.350000e+00           4.679436e+01           7.494048e+00           2.944797e+01           0.000000e+00           2.170314e-02           7.430028e-01           0.000000e+00           0.000000e+00   
        2.000000e+00           2.000000e-01           1.350000e+00           4.909525e+01           8.780746e+00           2.647453e+01           0.000000e+00           2.536999e-02           7.223290e-01           0.000000e+00           0.000000e+00   
        1.800000e+00           2.000000e-01           1.400000e+00           3.963581e+01           4.609212e+00           4.240446e+01           0.000000e+00           1.136732e-02           8.095479e-01           0.000000e+00           0.000000e+00   
        1.850000e+00           2.000000e-01           1.400000e+00           4.222190e+01           5.440484e+00           3.773463e+01           0.000000e+00           1.442931e-02           7.864405e-01           0.000000e+00           0.000000e+00   
        1.900000e+00           2.000000e-01           1.400000e+00           4.474547e+01           6.398468e+00           3.399386e+01           0.000000e+00           1.724918e-02           7.680167e-01           0.000000e+00           0.000000e+00   
        1.950000e+00           2.000000e-01           1.400000e+00           4.736086e+01           7.500300e+00           3.076357e+01           0.000000e+00           2.060734e-02           7.463061e-01           0.000000e+00           0.000000e+00   
        2.000000e+00           2.000000e-01           1.400000e+00           4.974994e+01           8.789600e+00           2.780698e+01           0.000000e+00           2.390048e-02           7.288181e-01           0.000000e+00           0.000000e+00   
        2.050000e+00           2.000000e-01           1.400000e+00           5.209395e+01           1.026653e+01           2.520618e+01           0.000000e+00           2.766492e-02           7.094326e-01           0.000000e+00           0.000000e+00   
        1.850000e+00           2.000000e-01           1.450000e+00           4.256333e+01           5.448105e+00           3.913253e+01           0.000000e+00           1.380629e-02           7.904105e-01           0.000000e+00           0.000000e+00   
        1.900000e+00           2.000000e-01           1.450000e+00           4.516004e+01           6.405121e+00           3.530589e+01           0.000000e+00           1.668762e-02           7.716095e-01           0.000000e+00           0.000000e+00   
        1.950000e+00           2.000000e-01           1.450000e+00           4.778342e+01           7.506982e+00           3.201175e+01           0.000000e+00           1.972599e-02           7.506030e-01           0.000000e+00           0.000000e+00   
        2.000000e+00           2.000000e-01           1.450000e+00           5.040321e+01           8.797108e+00           2.900202e+01           0.000000e+00           2.280616e-02           7.336244e-01           0.000000e+00           0.000000e+00   
        2.050000e+00           2.000000e-01           1.450000e+00           5.285226e+01           1.027541e+01           2.642281e+01           0.000000e+00           2.623529e-02           7.136715e-01           0.000000e+00           0.000000e+00   
        2.100000e+00           2.000000e-01           1.450000e+00           5.521015e+01           1.189563e+01           2.506678e+01           0.000000e+00           2.827195e-02           7.030862e-01           0.000000e+00           0.000000e+00   
        1.850000e+00           2.000000e-01           1.500000e+00           4.291566e+01           5.455803e+00           4.046700e+01           0.000000e+00           1.297031e-02           7.952737e-01           0.000000e+00           0.000000e+00   
        1.900000e+00           2.000000e-01           1.500000e+00           4.555484e+01           6.412102e+00           3.657855e+01           0.000000e+00           1.585379e-02           7.750950e-01           0.000000e+00           0.000000e+00   
        1.950000e+00           2.000000e-01           1.500000e+00           4.820270e+01           7.513678e+00           3.324937e+01           0.000000e+00           1.895127e-02           7.542191e-01           0.000000e+00           0.000000e+00   
        2.000000e+00           2.000000e-01           1.500000e+00           5.086228e+01           8.803594e+00           3.023241e+01           0.000000e+00           2.178190e-02           7.360282e-01           0.000000e+00           0.000000e+00   
        2.050000e+00           2.000000e-01           1.500000e+00           5.349518e+01           1.028345e+01           2.757857e+01           0.000000e+00           2.482422e-02           7.172222e-01           0.000000e+00           0.000000e+00   
        2.100000e+00           2.000000e-01           1.500000e+00           5.590603e+01           1.190348e+01           2.596993e+01           0.000000e+00           2.728843e-02           7.058343e-01           0.000000e+00           0.000000e+00   
        2.150000e+00           2.000000e-01           1.500000e+00           5.833967e+01           1.369018e+01           2.457020e+01           0.000000e+00           2.953077e-02           6.962313e-01           0.000000e+00           0.000000e+00   
        1.900000e+00           2.000000e-01           1.550000e+00           4.593593e+01           6.419250e+00           3.781200e+01           0.000000e+00           1.502822e-02           7.771782e-01           0.000000e+00           0.000000e+00   
        1.950000e+00           2.000000e-01           1.550000e+00           4.860994e+01           7.520242e+00           3.444733e+01           0.000000e+00           1.805645e-02           7.604061e-01           0.000000e+00           0.000000e+00   
        2.000000e+00           2.000000e-01           1.550000e+00           5.133873e+01           8.810659e+00           3.137493e+01           0.000000e+00           2.106819e-02           7.415570e-01           0.000000e+00           0.000000e+00   
        2.050000e+00           2.000000e-01           1.550000e+00           5.407710e+01           1.029089e+01           2.868026e+01           0.000000e+00           2.399680e-02           7.235855e-01           0.000000e+00           0.000000e+00   
        2.100000e+00           2.000000e-01           1.550000e+00           5.662838e+01           1.191156e+01           2.691765e+01           0.000000e+00           2.614495e-02           7.093920e-01           0.000000e+00           0.000000e+00   
        2.150000e+00           2.000000e-01           1.550000e+00           5.905649e+01           1.370290e+01           2.585926e+01           0.000000e+00           2.777049e-02           7.013411e-01           0.000000e+00           0.000000e+00   
        1.900000e+00           2.000000e-01           1.600000e+00           4.632914e+01           6.426088e+00           3.900250e+01           0.000000e+00           1.444166e-02           7.793501e-01           0.000000e+00           0.000000e+00   
        1.950000e+00           2.000000e-01           1.600000e+00           4.900737e+01           7.525757e+00           3.562211e+01           0.000000e+00           1.729851e-02           7.634363e-01           0.000000e+00           0.000000e+00   
        2.000000e+00           2.000000e-01           1.600000e+00           5.179321e+01           8.816874e+00           3.248689e+01           0.000000e+00           2.012489e-02           7.441176e-01           0.000000e+00           0.000000e+00   
        2.050000e+00           2.000000e-01           1.600000e+00           5.462488e+01           1.029850e+01           2.972032e+01           0.000000e+00           2.311448e-02           7.274663e-01           0.000000e+00           0.000000e+00   
        2.100000e+00           2.000000e-01           1.600000e+00           5.729311e+01           1.192230e+01           2.789281e+01           0.000000e+00           2.534758e-02           7.133945e-01           0.000000e+00           0.000000e+00   
        2.150000e+00           2.000000e-01           1.600000e+00           5.986222e+01           1.371215e+01           2.694891e+01           0.000000e+00           2.664424e-02           7.057221e-01           0.000000e+00           0.000000e+00   
        1.950000e+00           2.000000e-01           1.650000e+00           4.943370e+01           7.532829e+00           3.671807e+01           0.000000e+00           1.645620e-02           7.653304e-01           0.000000e+00           0.000000e+00   
        2.000000e+00           2.000000e-01           1.650000e+00           5.224397e+01           8.823745e+00           3.354515e+01           0.000000e+00           1.944812e-02           7.469337e-01           0.000000e+00           0.000000e+00   
        2.050000e+00           2.000000e-01           1.650000e+00           5.511538e+01           1.030617e+01           3.074101e+01           0.000000e+00           2.223992e-02           7.293318e-01           0.000000e+00           0.000000e+00   
        2.100000e+00           2.000000e-01           1.650000e+00           5.796861e+01           1.192829e+01           2.883798e+01           0.000000e+00           2.456018e-02           7.164554e-01           0.000000e+00           0.000000e+00   
        2.150000e+00           2.000000e-01           1.650000e+00           6.053149e+01           1.372914e+01           2.833028e+01           0.000000e+00           2.522966e-02           7.109646e-01           0.000000e+00           0.000000e+00   
        1.950000e+00           2.000000e-01           1.700000e+00           4.977995e+01           7.540096e+00           3.785342e+01           0.000000e+00           1.580875e-02           7.698041e-01           0.000000e+00           0.000000e+00   
        2.000000e+00           2.000000e-01           1.700000e+00           5.262498e+01           8.830013e+00           3.463126e+01           0.000000e+00           1.862843e-02           7.509577e-01           0.000000e+00           0.000000e+00   
        2.050000e+00           2.000000e-01           1.700000e+00           5.557653e+01           1.031313e+01           3.173907e+01           0.000000e+00           2.151265e-02           7.342403e-01           0.000000e+00           0.000000e+00   
        2.100000e+00           2.000000e-01           1.700000e+00           5.838604e+01           1.194186e+01           2.983603e+01           0.000000e+00           2.367066e-02           7.200152e-01           0.000000e+00           0.000000e+00   
        2.000000e+00           2.000000e-01           1.750000e+00           5.314039e+01           8.835652e+00           3.559051e+01           0.000000e+00           1.797434e-02           7.520708e-01           0.000000e+00           0.000000e+00   
        2.050000e+00           2.000000e-01           1.750000e+00           5.600028e+01           1.032081e+01           3.272356e+01           0.000000e+00           2.069865e-02           7.359902e-01           0.000000e+00           0.000000e+00   
        2.100000e+00           2.000000e-01           1.750000e+00           5.900877e+01           1.195143e+01           3.069358e+01           0.000000e+00           2.314864e-02           7.236316e-01           0.000000e+00           0.000000e+00   
        2.000000e+00           2.000000e-01           1.800000e+00           5.342492e+01           8.842461e+00           3.669332e+01           0.000000e+00           1.727654e-02           7.567548e-01           0.000000e+00           0.000000e+00   
        2.050000e+00           2.000000e-01           1.800000e+00           5.637857e+01           1.032879e+01           3.371641e+01           0.000000e+00           1.989414e-02           7.387182e-01           0.000000e+00           0.000000e+00   
        2.100000e+00           2.000000e-01           1.800000e+00           5.936830e+01           1.196376e+01           3.165055e+01           0.000000e+00           2.207433e-02           7.268947e-01           0.000000e+00           0.000000e+00   
        2.000000e+00           2.000000e-01           1.850000e+00           5.382505e+01           8.849664e+00           3.764061e+01           0.000000e+00           1.670973e-02           7.611746e-01           0.000000e+00           0.000000e+00   
        2.050000e+00           2.000000e-01           1.850000e+00           5.685748e+01           1.033726e+01           3.461180e+01           0.000000e+00           1.930664e-02           7.430856e-01           0.000000e+00           0.000000e+00   
        2.100000e+00           2.000000e-01           1.850000e+00           5.982089e+01           1.197618e+01           3.253423e+01           0.000000e+00           2.137060e-02           7.284452e-01           0.000000e+00           0.000000e+00   
        2.050000e+00           2.000000e-01           1.900000e+00           5.722768e+01           1.034582e+01           3.556346e+01           0.000000e+00           1.868327e-02           7.452187e-01           0.000000e+00           0.000000e+00   
        2.100000e+00           2.000000e-01           1.900000e+00           6.023451e+01           1.199049e+01           3.341412e+01           0.000000e+00           2.087914e-02           7.310804e-01           0.000000e+00           0.000000e+00   
        2.050000e+00           2.000000e-01           1.950000e+00           5.759918e+01           1.035497e+01           3.649835e+01           0.000000e+00           1.822908e-02           7.469486e-01           0.000000e+00           0.000000e+00   
        2.050000e+00           2.000000e-01           2.000000e+00           5.804267e+01           1.036381e+01           3.734605e+01           0.000000e+00           1.778268e-02           7.485938e-01           0.000000e+00           0.000000e+00   
        1.700000e+00           2.500000e-01           1.150000e+00           3.263426e+01           4.507390e+00           3.102972e+01           0.000000e+00           1.568281e-02           7.952737e-01           0.000000e+00           0.000000e+00   
        1.750000e+00           2.500000e-01           1.150000e+00           3.558700e+01           5.332406e+00           2.668890e+01           0.000000e+00           2.045711e-02           7.636404e-01           0.000000e+00           0.000000e+00   
        1.750000e+00           2.500000e-01           1.200000e+00           3.599068e+01           5.339085e+00           2.777721e+01           0.000000e+00           1.949692e-02           7.680167e-01           0.000000e+00           0.000000e+00   
        1.800000e+00           2.500000e-01           1.200000e+00           3.852880e+01           6.291337e+00           2.466225e+01           0.000000e+00           2.393695e-02           7.441933e-01           0.000000e+00           0.000000e+00   
        1.750000e+00           2.500000e-01           1.250000e+00           3.635193e+01           5.344470e+00           2.886777e+01           0.000000e+00           1.870448e-02           7.720247e-01           0.000000e+00           0.000000e+00   
        1.800000e+00           2.500000e-01           1.250000e+00           3.891922e+01           6.296136e+00           2.570748e+01           0.000000e+00           2.266335e-02           7.485860e-01           0.000000e+00           0.000000e+00   
        1.850000e+00           2.500000e-01           1.250000e+00           4.143373e+01           7.387528e+00           2.318943e+01           0.000000e+00           2.714725e-02           7.254001e-01           0.000000e+00           0.000000e+00   
        1.900000e+00           2.500000e-01           1.250000e+00           4.391498e+01           8.661222e+00           2.100199e+01           0.000000e+00           3.148994e-02           7.064787e-01           0.000000e+00           0.000000e+00   
        1.800000e+00           2.500000e-01           1.300000e+00           3.927889e+01           6.302185e+00           2.671235e+01           0.000000e+00           2.182804e-02           7.511761e-01           0.000000e+00           0.000000e+00   
        1.850000e+00           2.500000e-01           1.300000e+00           4.183993e+01           7.393759e+00           2.414553e+01           0.000000e+00           2.574083e-02           7.325753e-01           0.000000e+00           0.000000e+00   
        1.900000e+00           2.500000e-01           1.300000e+00           4.438808e+01           8.667977e+00           2.190073e+01           0.000000e+00           3.014785e-02           7.115289e-01           0.000000e+00           0.000000e+00   
        1.950000e+00           2.500000e-01           1.300000e+00           4.686364e+01           1.013247e+01           2.038042e+01           0.000000e+00           3.344371e-02           6.960213e-01           0.000000e+00           0.000000e+00   
        1.800000e+00           2.500000e-01           1.350000e+00           3.959819e+01           6.306964e+00           2.772830e+01           0.000000e+00           2.059212e-02           7.555745e-01           0.000000e+00           0.000000e+00   
        1.850000e+00           2.500000e-01           1.350000e+00           4.221116e+01           7.399297e+00           2.508075e+01           0.000000e+00           2.473645e-02           7.348448e-01           0.000000e+00           0.000000e+00   
        1.900000e+00           2.500000e-01           1.350000e+00           4.481326e+01           8.674261e+00           2.277635e+01           0.000000e+00           2.883909e-02           7.150798e-01           0.000000e+00           0.000000e+00   
        1.950000e+00           2.500000e-01           1.350000e+00           4.738478e+01           1.014108e+01           2.120909e+01           0.000000e+00           3.199651e-02           6.994028e-01           0.000000e+00           0.000000e+00   
        2.000000e+00           2.500000e-01           1.350000e+00           4.985230e+01           1.174522e+01           1.992227e+01           0.000000e+00           3.505400e-02           6.874029e-01           0.000000e+00           0.000000e+00   
        1.800000e+00           2.500000e-01           1.400000e+00           3.996279e+01           6.311443e+00           2.869165e+01           0.000000e+00           2.003044e-02           7.604061e-01           0.000000e+00           0.000000e+00   
        1.850000e+00           2.500000e-01           1.400000e+00           4.256959e+01           7.404488e+00           2.599467e+01           0.000000e+00           2.384526e-02           7.376859e-01           0.000000e+00           0.000000e+00   
        1.900000e+00           2.500000e-01           1.400000e+00           4.520474e+01           8.680614e+00           2.363138e+01           0.000000e+00           2.760519e-02           7.175930e-01           0.000000e+00           0.000000e+00   
        1.950000e+00           2.500000e-01           1.400000e+00           4.785949e+01           1.014771e+01           2.193627e+01           0.000000e+00           3.104337e-02           7.023066e-01           0.000000e+00           0.000000e+00   
        2.000000e+00           2.500000e-01           1.400000e+00           5.045963e+01           1.175549e+01           2.076315e+01           0.000000e+00           3.357251e-02           6.917243e-01           0.000000e+00           0.000000e+00   
        2.050000e+00           2.500000e-01           1.400000e+00           5.299076e+01           1.352397e+01           1.970027e+01           0.000000e+00           3.576361e-02           6.797684e-01           0.000000e+00           0.000000e+00   
        1.850000e+00           2.500000e-01           1.450000e+00           4.293276e+01           7.408981e+00           2.689235e+01           0.000000e+00           2.268075e-02           7.424297e-01           0.000000e+00           0.000000e+00   
        1.900000e+00           2.500000e-01           1.450000e+00           4.559498e+01           8.685543e+00           2.446798e+01           0.000000e+00           2.670745e-02           7.234639e-01           0.000000e+00           0.000000e+00   
        1.950000e+00           2.500000e-01           1.450000e+00           4.828500e+01           1.015386e+01           2.257471e+01           0.000000e+00           3.009511e-02           7.059476e-01           0.000000e+00           0.000000e+00   
        2.000000e+00           2.500000e-01           1.450000e+00           5.100945e+01           1.176346e+01           2.157122e+01           0.000000e+00           3.231061e-02           6.952350e-01           0.000000e+00           0.000000e+00   
        2.050000e+00           2.500000e-01           1.450000e+00           5.357774e+01           1.353462e+01           2.056022e+01           0.000000e+00           3.431102e-02           6.848811e-01           0.000000e+00           0.000000e+00   
        2.100000e+00           2.500000e-01           1.450000e+00           5.602458e+01           1.558828e+01           1.937136e+01           0.000000e+00           3.681103e-02           6.736319e-01           0.000000e+00           0.000000e+00   
        1.850000e+00           2.500000e-01           1.500000e+00           4.326590e+01           7.413326e+00           2.779210e+01           0.000000e+00           2.206218e-02           7.448448e-01           0.000000e+00           0.000000e+00   
        1.900000e+00           2.500000e-01           1.500000e+00           4.595277e+01           8.690960e+00           2.529199e+01           0.000000e+00           2.568961e-02           7.278526e-01           0.000000e+00           0.000000e+00   
        1.950000e+00           2.500000e-01           1.500000e+00           4.870824e+01           1.015977e+01           2.326970e+01           0.000000e+00           2.889909e-02           7.094677e-01           0.000000e+00           0.000000e+00   
        2.000000e+00           2.500000e-01           1.500000e+00           5.147792e+01           1.177127e+01           2.236542e+01           0.000000e+00           3.102392e-02           6.981178e-01           0.000000e+00           0.000000e+00   
        2.050000e+00           2.500000e-01           1.500000e+00           5.416776e+01           1.354490e+01           2.131937e+01           0.000000e+00           3.319279e-02           6.880118e-01           0.000000e+00           0.000000e+00   
        2.100000e+00           2.500000e-01           1.500000e+00           5.683750e+01           1.559791e+01           2.012815e+01           0.000000e+00           3.572933e-02           6.772333e-01           0.000000e+00           0.000000e+00   
        2.150000e+00           2.500000e-01           1.500000e+00           5.909183e+01           1.807371e+01           1.885350e+01           0.000000e+00           3.782737e-02           6.687396e-01           0.000000e+00           0.000000e+00   
        1.900000e+00           2.500000e-01           1.550000e+00           4.632946e+01           8.695371e+00           2.609837e+01           0.000000e+00           2.474508e-02           7.296878e-01           0.000000e+00           0.000000e+00   
        1.950000e+00           2.500000e-01           1.550000e+00           4.907790e+01           1.016514e+01           2.395856e+01           0.000000e+00           2.799196e-02           7.117296e-01           0.000000e+00           0.000000e+00   
        2.000000e+00           2.500000e-01           1.550000e+00           5.193022e+01           1.177895e+01           2.306209e+01           0.000000e+00           3.008121e-02           7.002851e-01           0.000000e+00           0.000000e+00   
        2.050000e+00           2.500000e-01           1.550000e+00           5.467625e+01           1.355157e+01           2.204642e+01           0.000000e+00           3.201540e-02           6.916556e-01           0.000000e+00           0.000000e+00   
        2.100000e+00           2.500000e-01           1.550000e+00           5.739497e+01           1.561109e+01           2.101705e+01           0.000000e+00           3.421509e-02           6.814332e-01           0.000000e+00           0.000000e+00   
        2.150000e+00           2.500000e-01           1.550000e+00           5.981656e+01           1.807978e+01           1.969620e+01           0.000000e+00           3.649020e-02           6.724459e-01           0.000000e+00           0.000000e+00   
        1.900000e+00           2.500000e-01           1.600000e+00           4.668888e+01           8.700091e+00           2.689754e+01           0.000000e+00           2.361431e-02           7.336244e-01           0.000000e+00           0.000000e+00   
        1.950000e+00           2.500000e-01           1.600000e+00           4.946921e+01           1.017062e+01           2.467218e+01           0.000000e+00           2.734932e-02           7.154615e-01           0.000000e+00           0.000000e+00   
        2.050000e+00           2.500000e-01           1.600000e+00           5.514593e+01           1.356019e+01           2.254623e+01           0.000000e+00           3.128565e-02           6.925653e-01           0.000000e+00           0.000000e+00   
        2.100000e+00           2.500000e-01           1.600000e+00           5.806575e+01           1.562268e+01           2.171851e+01           0.000000e+00           3.292257e-02           6.849591e-01           0.000000e+00           0.000000e+00   
        2.150000e+00           2.500000e-01           1.600000e+00           6.070433e+01           1.809425e+01           2.040962e+01           0.000000e+00           3.546750e-02           6.732839e-01           0.000000e+00           0.000000e+00   
        1.950000e+00           2.500000e-01           1.650000e+00           4.983452e+01           1.017597e+01           2.539212e+01           0.000000e+00           2.640374e-02           7.182162e-01           0.000000e+00           0.000000e+00   
        2.000000e+00           2.500000e-01           1.650000e+00           5.270816e+01           1.179068e+01           2.451264e+01           0.000000e+00           2.806601e-02           7.086094e-01           0.000000e+00           0.000000e+00   
        2.050000e+00           2.500000e-01           1.650000e+00           5.562576e+01           1.356709e+01           2.327710e+01           0.000000e+00           3.039897e-02           6.962585e-01           0.000000e+00           0.000000e+00   
        2.100000e+00           2.500000e-01           1.650000e+00           5.847739e+01           1.563048e+01           2.256090e+01           0.000000e+00           3.151024e-02           6.893844e-01           0.000000e+00           0.000000e+00   
        1.950000e+00           2.500000e-01           1.700000e+00           5.019555e+01           1.018079e+01           2.610699e+01           0.000000e+00           2.548596e-02           7.220601e-01           0.000000e+00           0.000000e+00   
        2.000000e+00           2.500000e-01           1.700000e+00           5.310698e+01           1.179698e+01           2.504792e+01           0.000000e+00           2.746671e-02           7.107373e-01           0.000000e+00           0.000000e+00   
        2.050000e+00           2.500000e-01           1.700000e+00           5.605040e+01           1.357328e+01           2.401446e+01           0.000000e+00           2.941628e-02           6.978223e-01           0.000000e+00           0.000000e+00   
        2.100000e+00           2.500000e-01           1.700000e+00           5.901434e+01           1.564068e+01           2.322246e+01           0.000000e+00           3.090568e-02           6.907955e-01           0.000000e+00           0.000000e+00   
        2.000000e+00           2.500000e-01           1.750000e+00           5.346859e+01           1.180135e+01           2.557308e+01           0.000000e+00           2.696491e-02           7.122357e-01           0.000000e+00           0.000000e+00   
        2.050000e+00           2.500000e-01           1.750000e+00           5.645489e+01           1.358167e+01           2.467429e+01           0.000000e+00           2.852054e-02           7.025016e-01           0.000000e+00           0.000000e+00   
        2.100000e+00           2.500000e-01           1.750000e+00           5.946334e+01           1.564749e+01           2.398076e+01           0.000000e+00           2.958457e-02           6.942710e-01           0.000000e+00           0.000000e+00   
        2.000000e+00           2.500000e-01           1.800000e+00           5.383438e+01           1.180525e+01           2.608570e+01           0.000000e+00           2.632509e-02           7.142144e-01           0.000000e+00           0.000000e+00   
        2.050000e+00           2.500000e-01           1.800000e+00           5.687329e+01           1.358768e+01           2.534624e+01           0.000000e+00           2.764102e-02           7.054392e-01           0.000000e+00           0.000000e+00   
        2.100000e+00           2.500000e-01           1.800000e+00           5.993217e+01           1.565520e+01           2.466314e+01           0.000000e+00           2.881965e-02           6.959607e-01           0.000000e+00           0.000000e+00   
        2.000000e+00           2.500000e-01           1.850000e+00           5.422399e+01           1.181181e+01           2.667065e+01           0.000000e+00           2.565619e-02           7.166150e-01           0.000000e+00           0.000000e+00   
        2.050000e+00           2.500000e-01           1.850000e+00           5.725957e+01           1.359273e+01           2.592056e+01           0.000000e+00           2.692333e-02           7.081119e-01           0.000000e+00           0.000000e+00   
        2.100000e+00           2.500000e-01           1.850000e+00           6.050098e+01           1.566055e+01           2.527488e+01           0.000000e+00           2.811769e-02           6.986138e-01           0.000000e+00           0.000000e+00   
        2.050000e+00           2.500000e-01           1.900000e+00           5.767241e+01           1.359756e+01           2.656633e+01           0.000000e+00           2.621047e-02           7.105430e-01           0.000000e+00           0.000000e+00   
        2.100000e+00           2.500000e-01           1.900000e+00           6.073821e+01           1.567055e+01           2.599255e+01           0.000000e+00           2.714313e-02           7.036053e-01           0.000000e+00           0.000000e+00   
        2.050000e+00           2.500000e-01           1.950000e+00           5.816951e+01           1.360334e+01           2.711771e+01           0.000000e+00           2.580746e-02           7.114533e-01           0.000000e+00           0.000000e+00   
        2.050000e+00           2.500000e-01           2.000000e+00           5.844763e+01           1.360918e+01           2.771119e+01           0.000000e+00           2.523756e-02           7.130971e-01           0.000000e+00           0.000000e+00   
        1.750000e+00           3.000000e-01           1.200000e+00           3.619446e+01           6.886887e+00           2.023915e+01           0.000000e+00           2.938847e-02           7.282255e-01           0.000000e+00           0.000000e+00   
        1.800000e+00           3.000000e-01           1.200000e+00           3.877680e+01           8.076808e+00           1.834649e+01           0.000000e+00           3.426832e-02           7.041439e-01           0.000000e+00           0.000000e+00   
        1.750000e+00           3.000000e-01           1.250000e+00           3.654478e+01           6.892844e+00           2.100367e+01           0.000000e+00           2.831073e-02           7.313497e-01           0.000000e+00           0.000000e+00   
        1.800000e+00           3.000000e-01           1.250000e+00           3.913923e+01           8.085238e+00           1.902451e+01           0.000000e+00           3.289103e-02           7.084367e-01           0.000000e+00           0.000000e+00   
        1.850000e+00           3.000000e-01           1.250000e+00           4.169947e+01           9.469936e+00           1.755443e+01           0.000000e+00           3.694463e-02           6.923845e-01           0.000000e+00           0.000000e+00   
        1.800000e+00           3.000000e-01           1.300000e+00           3.947792e+01           8.092215e+00           1.971046e+01           0.000000e+00           3.183442e-02           7.121448e-01           0.000000e+00           0.000000e+00   
        1.850000e+00           3.000000e-01           1.300000e+00           4.209116e+01           9.480281e+00           1.823926e+01           0.000000e+00           3.564570e-02           6.957638e-01           0.000000e+00           0.000000e+00   
        1.900000e+00           3.000000e-01           1.300000e+00           4.467777e+01           1.101937e+01           1.688811e+01           0.000000e+00           3.973447e-02           6.799973e-01           0.000000e+00           0.000000e+00   
        1.800000e+00           3.000000e-01           1.350000e+00           3.983590e+01           8.098513e+00           2.036569e+01           0.000000e+00           3.062430e-02           7.162224e-01           0.000000e+00           0.000000e+00   
        1.850000e+00           3.000000e-01           1.350000e+00           4.245634e+01           9.488646e+00           1.891427e+01           0.000000e+00           3.415323e-02           6.991113e-01           0.000000e+00           0.000000e+00   
        1.900000e+00           3.000000e-01           1.350000e+00           4.509319e+01           1.103122e+01           1.753802e+01           0.000000e+00           3.825071e-02           6.836516e-01           0.000000e+00           0.000000e+00   
        1.950000e+00           3.000000e-01           1.350000e+00           4.771025e+01           1.271129e+01           1.658899e+01           0.000000e+00           4.114110e-02           6.724094e-01           0.000000e+00           0.000000e+00   
        2.000000e+00           3.000000e-01           1.350000e+00           5.017122e+01           1.461123e+01           1.577416e+01           0.000000e+00           4.346056e-02           6.626066e-01           0.000000e+00           0.000000e+00   
        1.850000e+00           3.000000e-01           1.400000e+00           4.281110e+01           9.495826e+00           1.950271e+01           0.000000e+00           3.307744e-02           7.024726e-01           0.000000e+00           0.000000e+00   
        1.900000e+00           3.000000e-01           1.400000e+00           4.548202e+01           1.104178e+01           1.817158e+01           0.000000e+00           3.690919e-02           6.874029e-01           0.000000e+00           0.000000e+00   
        1.950000e+00           3.000000e-01           1.400000e+00           4.812061e+01           1.272527e+01           1.723497e+01           0.000000e+00           3.947014e-02           6.754711e-01           0.000000e+00           0.000000e+00   
        2.000000e+00           3.000000e-01           1.400000e+00           5.070338e+01           1.462865e+01           1.641422e+01           0.000000e+00           4.182261e-02           6.655969e-01           0.000000e+00           0.000000e+00   
        2.050000e+00           3.000000e-01           1.400000e+00           5.331738e+01           1.691434e+01           1.530706e+01           0.000000e+00           4.523771e-02           6.534026e-01           0.000000e+00           0.000000e+00   
        1.850000e+00           3.000000e-01           1.450000e+00           4.313897e+01           9.502652e+00           2.013759e+01           0.000000e+00           3.206675e-02           7.053920e-01           0.000000e+00           0.000000e+00   
        1.900000e+00           3.000000e-01           1.450000e+00           4.586776e+01           1.104938e+01           1.879541e+01           0.000000e+00           3.558321e-02           6.913682e-01           0.000000e+00           0.000000e+00   
        1.950000e+00           3.000000e-01           1.450000e+00           4.858044e+01           1.273574e+01           1.783746e+01           0.000000e+00           3.814822e-02           6.791595e-01           0.000000e+00           0.000000e+00   
        2.000000e+00           3.000000e-01           1.450000e+00           5.121770e+01           1.464122e+01           1.703462e+01           0.000000e+00           4.036945e-02           6.701999e-01           0.000000e+00           0.000000e+00   
        2.050000e+00           3.000000e-01           1.450000e+00           5.389351e+01           1.692234e+01           1.595296e+01           0.000000e+00           4.332399e-02           6.580028e-01           0.000000e+00           0.000000e+00   
        1.850000e+00           3.000000e-01           1.500000e+00           4.348945e+01           9.508092e+00           2.066660e+01           0.000000e+00           3.116009e-02           7.091345e-01           0.000000e+00           0.000000e+00   
        1.900000e+00           3.000000e-01           1.500000e+00           4.621168e+01           1.105835e+01           1.940863e+01           0.000000e+00           3.448524e-02           6.941539e-01           0.000000e+00           0.000000e+00   
        1.950000e+00           3.000000e-01           1.500000e+00           4.903182e+01           1.274464e+01           1.842935e+01           0.000000e+00           3.701919e-02           6.823204e-01           0.000000e+00           0.000000e+00   
        2.000000e+00           3.000000e-01           1.500000e+00           5.175490e+01           1.466041e+01           1.759777e+01           0.000000e+00           3.924698e-02           6.728335e-01           0.000000e+00           0.000000e+00   
        2.050000e+00           3.000000e-01           1.500000e+00           5.440998e+01           1.692788e+01           1.658693e+01           0.000000e+00           4.176973e-02           6.629573e-01           0.000000e+00           0.000000e+00   
        2.100000e+00           3.000000e-01           1.500000e+00           5.708618e+01           1.965265e+01           1.532289e+01           0.000000e+00           4.511142e-02           6.499832e-01           0.000000e+00           0.000000e+00   
        1.900000e+00           3.000000e-01           1.550000e+00           4.656329e+01           1.106501e+01           2.001333e+01           0.000000e+00           3.358979e-02           6.968882e-01           0.000000e+00           0.000000e+00   
        1.950000e+00           3.000000e-01           1.550000e+00           4.938724e+01           1.275361e+01           1.902918e+01           0.000000e+00           3.591656e-02           6.848811e-01           0.000000e+00           0.000000e+00   
        2.000000e+00           3.000000e-01           1.550000e+00           5.212075e+01           1.466933e+01           1.820997e+01           0.000000e+00           3.789505e-02           6.753828e-01           0.000000e+00           0.000000e+00   
        2.050000e+00           3.000000e-01           1.550000e+00           5.490732e+01           1.695181e+01           1.715017e+01           0.000000e+00           4.034140e-02           6.647689e-01           0.000000e+00           0.000000e+00   
        2.100000e+00           3.000000e-01           1.550000e+00           5.769021e+01           1.963757e+01           1.596517e+01           0.000000e+00           4.329544e-02           6.552074e-01           0.000000e+00           0.000000e+00   
        2.150000e+00           3.000000e-01           1.550000e+00           6.046360e+01           2.258648e+01           1.506779e+01           0.000000e+00           4.536487e-02           6.468535e-01           0.000000e+00           0.000000e+00   
        1.900000e+00           3.000000e-01           1.600000e+00           4.694299e+01           1.107155e+01           2.059549e+01           0.000000e+00           3.243660e-02           6.996925e-01           0.000000e+00           0.000000e+00   
        1.950000e+00           3.000000e-01           1.600000e+00           4.974295e+01           1.276092e+01           1.962092e+01           0.000000e+00           3.484645e-02           6.886277e-01           0.000000e+00           0.000000e+00   
        2.050000e+00           3.000000e-01           1.600000e+00           5.535190e+01           1.696571e+01           1.772773e+01           0.000000e+00           3.918465e-02           6.687396e-01           0.000000e+00           0.000000e+00   
        2.100000e+00           3.000000e-01           1.600000e+00           5.833768e+01           1.964652e+01           1.652986e+01           0.000000e+00           4.229104e-02           6.573024e-01           0.000000e+00           0.000000e+00   
        2.150000e+00           3.000000e-01           1.600000e+00           6.097370e+01           2.269209e+01           1.551797e+01           0.000000e+00           4.416132e-02           6.502286e-01           0.000000e+00           0.000000e+00   
        1.950000e+00           3.000000e-01           1.650000e+00           5.013323e+01           1.276685e+01           2.018944e+01           0.000000e+00           3.381425e-02           6.917116e-01           0.000000e+00           0.000000e+00   
        2.000000e+00           3.000000e-01           1.650000e+00           5.301415e+01           1.467798e+01           1.924322e+01           0.000000e+00           3.616578e-02           6.810285e-01           0.000000e+00           0.000000e+00   
        2.050000e+00           3.000000e-01           1.650000e+00           5.581195e+01           1.697244e+01           1.829885e+01           0.000000e+00           3.818499e-02           6.720308e-01           0.000000e+00           0.000000e+00   
        2.100000e+00           3.000000e-01           1.650000e+00           5.869041e+01           1.966157e+01           1.709680e+01           0.000000e+00           4.082767e-02           6.608347e-01           0.000000e+00           0.000000e+00   
        1.950000e+00           3.000000e-01           1.700000e+00           5.045423e+01           1.277361e+01           2.076944e+01           0.000000e+00           3.287998e-02           6.948416e-01           0.000000e+00           0.000000e+00   
        2.000000e+00           3.000000e-01           1.700000e+00           5.346125e+01           1.468487e+01           1.962993e+01           0.000000e+00           3.565711e-02           6.820144e-01           0.000000e+00           0.000000e+00   
        2.050000e+00           3.000000e-01           1.700000e+00           5.620332e+01           1.699214e+01           1.883280e+01           0.000000e+00           3.707861e-02           6.729596e-01           0.000000e+00           0.000000e+00   
        2.100000e+00           3.000000e-01           1.700000e+00           5.919122e+01           1.967780e+01           1.761290e+01           0.000000e+00           3.981658e-02           6.634470e-01           0.000000e+00           0.000000e+00   
        2.000000e+00           3.000000e-01           1.750000e+00           5.374190e+01           1.469905e+01           2.047009e+01           0.000000e+00           3.403647e-02           6.882781e-01           0.000000e+00           0.000000e+00   
        2.050000e+00           3.000000e-01           1.750000e+00           5.665905e+01           1.700133e+01           1.936211e+01           0.000000e+00           3.623494e-02           6.758050e-01           0.000000e+00           0.000000e+00   
        2.100000e+00           3.000000e-01           1.750000e+00           5.963942e+01           1.968878e+01           1.816291e+01           0.000000e+00           3.856288e-02           6.657479e-01           0.000000e+00           0.000000e+00   
        2.000000e+00           3.000000e-01           1.800000e+00           5.410666e+01           1.470570e+01           2.101746e+01           0.000000e+00           3.310787e-02           6.899360e-01           0.000000e+00           0.000000e+00   
        2.050000e+00           3.000000e-01           1.800000e+00           5.703513e+01           1.700972e+01           1.988252e+01           0.000000e+00           3.531225e-02           6.810822e-01           0.000000e+00           0.000000e+00   
        2.100000e+00           3.000000e-01           1.800000e+00           6.012805e+01           1.969420e+01           1.868641e+01           0.000000e+00           3.757916e-02           6.688999e-01           0.000000e+00           0.000000e+00   
        2.000000e+00           3.000000e-01           1.850000e+00           5.451310e+01           1.471155e+01           2.154623e+01           0.000000e+00           3.236471e-02           6.907955e-01           0.000000e+00           0.000000e+00   
        2.050000e+00           3.000000e-01           1.850000e+00           5.745583e+01           1.701409e+01           2.042284e+01           0.000000e+00           3.451684e-02           6.818484e-01           0.000000e+00           0.000000e+00   
        2.100000e+00           3.000000e-01           1.850000e+00           6.051315e+01           1.970300e+01           1.921452e+01           0.000000e+00           3.670838e-02           6.715624e-01           0.000000e+00           0.000000e+00   
        2.050000e+00           3.000000e-01           1.900000e+00           5.783580e+01           1.702211e+01           2.093683e+01           0.000000e+00           3.357834e-02           6.833861e-01           0.000000e+00           0.000000e+00   
        2.050000e+00           3.000000e-01           1.950000e+00           5.829189e+01           1.703007e+01           2.141795e+01           0.000000e+00           3.291781e-02           6.848162e-01           0.000000e+00           0.000000e+00   
        2.050000e+00           3.000000e-01           2.000000e+00           5.869554e+01           1.703694e+01           2.190882e+01           0.000000e+00           3.216295e-02           6.884357e-01           0.000000e+00           0.000000e+00   
        1.750000e+00           3.500000e-01           1.200000e+00           3.632076e+01           8.495360e+00           1.588191e+01           0.000000e+00           3.864737e-02           6.957638e-01           0.000000e+00           0.000000e+00   
        1.750000e+00           3.500000e-01           1.250000e+00           3.666614e+01           8.508204e+00           1.645640e+01           0.000000e+00           3.715309e-02           6.991113e-01           0.000000e+00           0.000000e+00   
        1.800000e+00           3.500000e-01           1.250000e+00           3.927076e+01           9.932619e+00           1.499775e+01           0.000000e+00           4.231190e-02           6.814965e-01           0.000000e+00           0.000000e+00   
        1.850000e+00           3.500000e-01           1.250000e+00           4.185394e+01           1.149509e+01           1.397516e+01           0.000000e+00           4.620639e-02           6.641261e-01           0.000000e+00           0.000000e+00   
        1.800000e+00           3.500000e-01           1.300000e+00           3.962147e+01           9.947175e+00           1.553814e+01           0.000000e+00           4.088861e-02           6.844520e-01           0.000000e+00           0.000000e+00   
        1.850000e+00           3.500000e-01           1.300000e+00           4.223691e+01           1.151314e+01           1.450572e+01           0.000000e+00           4.457775e-02           6.710184e-01           0.000000e+00           0.000000e+00   
        1.800000e+00           3.500000e-01           1.350000e+00           3.995930e+01           9.960341e+00           1.606779e+01           0.000000e+00           3.966342e-02           6.874029e-01           0.000000e+00           0.000000e+00   
        1.850000e+00           3.500000e-01           1.350000e+00           4.259917e+01           1.153012e+01           1.502123e+01           0.000000e+00           4.335006e-02           6.737676e-01           0.000000e+00           0.000000e+00   
        1.900000e+00           3.500000e-01           1.350000e+00           4.521722e+01           1.327071e+01           1.423977e+01           0.000000e+00           4.615959e-02           6.613818e-01           0.000000e+00           0.000000e+00   
        1.850000e+00           3.500000e-01           1.400000e+00           4.293100e+01           1.154828e+01           1.552216e+01           0.000000e+00           4.211898e-02           6.766521e-01           0.000000e+00           0.000000e+00   
        1.900000e+00           3.500000e-01           1.400000e+00           4.562125e+01           1.328961e+01           1.472922e+01           0.000000e+00           4.500116e-02           6.648825e-01           0.000000e+00           0.000000e+00   
        1.950000e+00           3.500000e-01           1.400000e+00           4.829749e+01           1.526982e+01           1.398616e+01           0.000000e+00           4.761285e-02           6.528099e-01           0.000000e+00           0.000000e+00   
        1.850000e+00           3.500000e-01           1.450000e+00           4.327707e+01           1.156367e+01           1.601282e+01           0.000000e+00           4.068316e-02           6.791595e-01           0.000000e+00           0.000000e+00   
        1.900000e+00           3.500000e-01           1.450000e+00           4.594051e+01           1.330736e+01           1.524074e+01           0.000000e+00           4.339969e-02           6.697848e-01           0.000000e+00           0.000000e+00   
        1.950000e+00           3.500000e-01           1.450000e+00           4.871463e+01           1.528609e+01           1.448542e+01           0.000000e+00           4.634696e-02           6.580028e-01           0.000000e+00           0.000000e+00   
        2.000000e+00           3.500000e-01           1.450000e+00           5.143571e+01           1.767850e+01           1.352958e+01           0.000000e+00           4.885974e-02           6.468020e-01           0.000000e+00           0.000000e+00   
        1.850000e+00           3.500000e-01           1.500000e+00           4.364098e+01           1.157656e+01           1.649334e+01           0.000000e+00           3.961568e-02           6.834676e-01           0.000000e+00           0.000000e+00   
        1.900000e+00           3.500000e-01           1.500000e+00           4.630182e+01           1.332328e+01           1.572115e+01           0.000000e+00           4.201958e-02           6.722604e-01           0.000000e+00           0.000000e+00   
        1.950000e+00           3.500000e-01           1.500000e+00           4.910550e+01           1.530434e+01           1.496876e+01           0.000000e+00           4.489921e-02           6.620862e-01           0.000000e+00           0.000000e+00   
        2.000000e+00           3.500000e-01           1.500000e+00           5.189902e+01           1.769299e+01           1.401473e+01           0.000000e+00           4.790340e-02           6.495408e-01           0.000000e+00           0.000000e+00   
        1.900000e+00           3.500000e-01           1.550000e+00           4.666582e+01           1.333650e+01           1.619440e+01           0.000000e+00           4.077345e-02           6.736319e-01           0.000000e+00           0.000000e+00   
        1.950000e+00           3.500000e-01           1.550000e+00           4.948017e+01           1.532145e+01           1.544238e+01           0.000000e+00           4.359719e-02           6.638128e-01           0.000000e+00           0.000000e+00   
        2.000000e+00           3.500000e-01           1.550000e+00           5.231837e+01           1.773799e+01           1.442970e+01           0.000000e+00           4.652048e-02           6.530377e-01           0.000000e+00           0.000000e+00   
        2.050000e+00           3.500000e-01           1.550000e+00           5.513363e+01           2.045620e+01           1.357461e+01           0.000000e+00           4.890740e-02           6.445453e-01           0.000000e+00           0.000000e+00   
        1.900000e+00           3.500000e-01           1.600000e+00           4.703276e+01           1.334659e+01           1.666497e+01           0.000000e+00           3.978566e-02           6.770830e-01           0.000000e+00           0.000000e+00   
        1.950000e+00           3.500000e-01           1.600000e+00           4.983388e+01           1.533477e+01           1.591851e+01           0.000000e+00           4.230138e-02           6.670951e-01           0.000000e+00           0.000000e+00   
        2.000000e+00           3.500000e-01           1.600000e+00           5.278658e+01           1.776179e+01           1.486180e+01           0.000000e+00           4.531572e-02           6.564182e-01           0.000000e+00           0.000000e+00   
        2.050000e+00           3.500000e-01           1.600000e+00           5.560326e+01           2.049505e+01           1.399443e+01           0.000000e+00           4.778701e-02           6.461861e-01           0.000000e+00           0.000000e+00   
        2.100000e+00           3.500000e-01           1.600000e+00           5.842062e+01           2.356552e+01           1.323949e+01           0.000000e+00           4.938586e-02           6.407175e-01           0.000000e+00           0.000000e+00   
        1.950000e+00           3.500000e-01           1.650000e+00           5.021531e+01           1.534684e+01           1.637934e+01           0.000000e+00           4.106514e-02           6.714496e-01           0.000000e+00           0.000000e+00   
        2.000000e+00           3.500000e-01           1.650000e+00           5.313443e+01           1.776308e+01           1.534925e+01           0.000000e+00           4.418616e-02           6.580028e-01           0.000000e+00           0.000000e+00   
        2.050000e+00           3.500000e-01           1.650000e+00           5.607153e+01           2.045618e+01           1.451868e+01           0.000000e+00           4.646386e-02           6.487375e-01           0.000000e+00           0.000000e+00   
        2.100000e+00           3.500000e-01           1.650000e+00           5.901212e+01           2.358295e+01           1.367550e+01           0.000000e+00           4.823351e-02           6.429103e-01           0.000000e+00           0.000000e+00   
        1.950000e+00           3.500000e-01           1.700000e+00           5.058174e+01           1.535570e+01           1.684340e+01           0.000000e+00           4.005771e-02           6.718647e-01           0.000000e+00           0.000000e+00   
        2.000000e+00           3.500000e-01           1.700000e+00           5.347421e+01           1.778170e+01           1.579137e+01           0.000000e+00           4.271502e-02           6.618463e-01           0.000000e+00           0.000000e+00   
        2.050000e+00           3.500000e-01           1.700000e+00           5.644929e+01           2.048289e+01           1.494571e+01           0.000000e+00           4.495966e-02           6.517961e-01           0.000000e+00           0.000000e+00   
        2.100000e+00           3.500000e-01           1.700000e+00           5.940629e+01           2.371290e+01           1.396259e+01           0.000000e+00           4.743589e-02           6.442437e-01           0.000000e+00           0.000000e+00   
        2.050000e+00           3.500000e-01           1.750000e+00           5.684623e+01           2.051231e+01           1.535327e+01           0.000000e+00           4.428958e-02           6.547396e-01           0.000000e+00           0.000000e+00   
        2.100000e+00           3.500000e-01           1.750000e+00           5.985676e+01           2.364026e+01           1.451164e+01           0.000000e+00           4.585087e-02           6.477574e-01           0.000000e+00           0.000000e+00   
        2.000000e+00           3.500000e-01           1.800000e+00           5.424203e+01           1.782516e+01           1.661559e+01           0.000000e+00           4.100159e-02           6.645944e-01           0.000000e+00           0.000000e+00   
        2.050000e+00           3.500000e-01           1.800000e+00           5.723959e+01           2.058032e+01           1.567912e+01           0.000000e+00           4.311447e-02           6.577782e-01           0.000000e+00           0.000000e+00   
        2.100000e+00           3.500000e-01           1.800000e+00           6.034563e+01           2.368344e+01           1.488701e+01           0.000000e+00           4.475290e-02           6.496195e-01           0.000000e+00           0.000000e+00   
        2.000000e+00           3.500000e-01           1.850000e+00           5.458692e+01           1.783801e+01           1.704251e+01           0.000000e+00           4.001213e-02           6.688999e-01           0.000000e+00           0.000000e+00   
        2.050000e+00           3.500000e-01           1.850000e+00           5.765156e+01           2.063093e+01           1.602257e+01           0.000000e+00           4.229528e-02           6.593708e-01           0.000000e+00           0.000000e+00   
        2.100000e+00           3.500000e-01           1.850000e+00           6.075528e+01           2.366484e+01           1.535279e+01           0.000000e+00           4.373287e-02           6.525002e-01           0.000000e+00           0.000000e+00   
        2.050000e+00           3.500000e-01           1.900000e+00           5.800482e+01           2.061944e+01           1.648142e+01           0.000000e+00           4.137721e-02           6.607571e-01           0.000000e+00           0.000000e+00   
        2.050000e+00           3.500000e-01           1.950000e+00           5.848263e+01           2.066114e+01           1.680697e+01           0.000000e+00           4.073231e-02           6.619537e-01           0.000000e+00           0.000000e+00   
        2.050000e+00           3.500000e-01           2.000000e+00           5.882432e+01           2.067233e+01           1.721016e+01           0.000000e+00           3.969878e-02           6.639986e-01           0.000000e+00           0.000000e+00   
        1.800000e+00           4.000000e-01           1.350000e+00           4.003921e+01           1.174500e+01           1.319208e+01           0.000000e+00           4.727637e-02           6.668900e-01           0.000000e+00           0.000000e+00   
        1.850000e+00           4.000000e-01           1.400000e+00           4.300389e+01           1.353729e+01           1.288798e+01           0.000000e+00           4.931527e-02           6.567710e-01           0.000000e+00           0.000000e+00   
        1.850000e+00           4.000000e-01           1.450000e+00           4.334519e+01           1.355546e+01           1.330638e+01           0.000000e+00           4.753169e-02           6.623437e-01           0.000000e+00           0.000000e+00   
        1.850000e+00           4.000000e-01           1.500000e+00           4.370361e+01           1.356986e+01           1.372126e+01           0.000000e+00           4.648575e-02           6.638128e-01           0.000000e+00           0.000000e+00   
        1.900000e+00           4.000000e-01           1.500000e+00           4.645483e+01           1.559514e+01           1.302364e+01           0.000000e+00           4.936952e-02           6.535332e-01           0.000000e+00           0.000000e+00   
        1.900000e+00           4.000000e-01           1.550000e+00           4.679379e+01           1.560903e+01           1.343693e+01           0.000000e+00           4.801820e-02           6.567097e-01           0.000000e+00           0.000000e+00   
        1.900000e+00           4.000000e-01           1.600000e+00           4.716858e+01           1.562171e+01           1.383733e+01           0.000000e+00           4.717795e-02           6.590264e-01           0.000000e+00           0.000000e+00   
        1.950000e+00           4.000000e-01           1.600000e+00           4.997173e+01           1.801493e+01           1.303090e+01           0.000000e+00           4.959989e-02           6.481216e-01           0.000000e+00           0.000000e+00   
        1.950000e+00           4.000000e-01           1.650000e+00           5.034285e+01           1.813423e+01           1.323281e+01           0.000000e+00           4.907788e-02           6.490619e-01           0.000000e+00           0.000000e+00   
        2.000000e+00           4.000000e-01           1.650000e+00           5.326645e+01           2.079363e+01           1.262093e+01           0.000000e+00           5.083224e-02           6.414252e-01           0.000000e+00           0.000000e+00   
        1.950000e+00           4.000000e-01           1.700000e+00           5.073110e+01           1.812928e+01           1.364058e+01           0.000000e+00           4.791655e-02           6.512150e-01           0.000000e+00           0.000000e+00   
        2.000000e+00           4.000000e-01           1.700000e+00           5.368566e+01           2.081788e+01           1.298125e+01           0.000000e+00           4.966691e-02           6.448657e-01           0.000000e+00           0.000000e+00   
        2.050000e+00           4.000000e-01           1.750000e+00           5.696687e+01           2.407026e+01           1.252137e+01           0.000000e+00           5.060733e-02           6.395975e-01           0.000000e+00           0.000000e+00   
        2.000000e+00           4.000000e-01           1.800000e+00           5.436430e+01           2.087959e+01           1.367499e+01           0.000000e+00           4.772441e-02           6.506965e-01           0.000000e+00           0.000000e+00   
        2.050000e+00           4.000000e-01           1.800000e+00           5.739271e+01           2.401805e+01           1.295616e+01           0.000000e+00           4.949520e-02           6.419469e-01           0.000000e+00           0.000000e+00   
        2.000000e+00           4.000000e-01           1.850000e+00           5.475150e+01           2.088222e+01           1.404858e+01           0.000000e+00           4.678342e-02           6.518913e-01           0.000000e+00           0.000000e+00   
        2.050000e+00           4.000000e-01           1.850000e+00           5.778723e+01           2.404818e+01           1.329080e+01           0.000000e+00           4.836570e-02           6.453229e-01           0.000000e+00           0.000000e+00   
        2.100000e+00           4.000000e-01           1.850000e+00           6.089417e+01           2.784307e+01           1.240577e+01           0.000000e+00           5.017691e-02           6.367771e-01           0.000000e+00           0.000000e+00   
        2.050000e+00           4.000000e-01           1.900000e+00           5.816924e+01           2.405999e+01           1.364337e+01           0.000000e+00           4.743158e-02           6.454732e-01           0.000000e+00           0.000000e+00   
        2.050000e+00           4.000000e-01           1.950000e+00           5.858229e+01           2.421033e+01           1.380200e+01           0.000000e+00           4.693867e-02           6.454732e-01           0.000000e+00           0.000000e+00   
        2.050000e+00           4.000000e-01           2.000000e+00           5.897214e+01           2.410437e+01           1.429945e+01           0.000000e+00           4.560796e-02           6.483501e-01           0.000000e+00           0.000000e+00   
