              log_Mi              initial_q                     Pi                    M1f                    M2f                     Pf                 CaseBB      merge_fraction_NS    disrupt_fraction_NS      merge_fraction_BH    disrupt_fraction_BH   
        1.700000e+00           1.000000e-01           6.500000e-01           5.046055e+01           1.236959e+00           7.176205e+01           1.000000e+00           0.000000e+00           0.000000e+00           0.000000e+00           0.000000e+00   
        1.750000e+00           1.000000e-01           7.000000e-01           5.658764e+01           1.424047e+00           7.020439e+01           1.000000e+00           0.000000e+00           0.000000e+00           0.000000e+00           0.000000e+00   
        1.800000e+00           1.000000e-01           7.500000e-01           5.650995e+01           1.640635e+00           7.296668e+01           1.000000e+00           0.000000e+00           0.000000e+00           0.000000e+00           0.000000e+00   
        2.150000e+00           1.000000e-01           7.500000e-01           1.352042e+02           5.518171e+00           2.609872e+01           0.000000e+00           5.209880e-02           5.310714e-01           0.000000e+00           0.000000e+00   
        2.150000e+00           1.000000e-01           8.000000e-01           1.352618e+02           5.518994e+00           2.611902e+01           0.000000e+00           5.209880e-02           5.310714e-01           0.000000e+00           0.000000e+00   
        2.200000e+00           1.000000e-01           8.000000e-01           1.507416e+02           6.497307e+00           2.338463e+01           0.000000e+00           6.009145e-02           4.967747e-01           0.000000e+00           0.000000e+00   
        2.150000e+00           1.000000e-01           8.500000e-01           1.335674e+02           5.523238e+00           2.662637e+01           0.000000e+00           5.084689e-02           5.374624e-01           0.000000e+00           0.000000e+00   
        2.200000e+00           1.000000e-01           8.500000e-01           1.510536e+02           6.498169e+00           2.342058e+01           0.000000e+00           5.999519e-02           4.967747e-01           0.000000e+00           0.000000e+00   
        2.250000e+00           1.000000e-01           8.500000e-01           1.692516e+02           7.631964e+00           1.967758e+01           0.000000e+00           7.085823e-02           4.493785e-01           0.000000e+00           0.000000e+00   
        2.300000e+00           1.000000e-01           8.500000e-01           1.874272e+02           8.984004e+00           1.750903e+01           0.000000e+00           7.853208e-02           4.162011e-01           0.000000e+00           0.000000e+00   
        2.150000e+00           1.000000e-01           9.000000e-01           1.344732e+02           5.523175e+00           2.670225e+01           0.000000e+00           5.090229e-02           5.362972e-01           0.000000e+00           0.000000e+00   
        2.200000e+00           1.000000e-01           9.000000e-01           1.501369e+02           6.500372e+00           2.378095e+01           0.000000e+00           5.909010e-02           5.014589e-01           0.000000e+00           0.000000e+00   
        2.250000e+00           1.000000e-01           9.000000e-01           1.685764e+02           7.633921e+00           1.977449e+01           0.000000e+00           7.038956e-02           4.522404e-01           0.000000e+00           0.000000e+00   
        2.300000e+00           1.000000e-01           9.000000e-01           1.867695e+02           8.986917e+00           1.765951e+01           0.000000e+00           7.791177e-02           4.182340e-01           0.000000e+00           0.000000e+00   
        2.350000e+00           1.000000e-01           9.000000e-01           2.034664e+02           1.053089e+01           1.605371e+01           0.000000e+00           8.283260e-02           3.929711e-01           0.000000e+00           0.000000e+00   
        2.150000e+00           1.000000e-01           9.500000e-01           1.340811e+02           5.526254e+00           2.702631e+01           0.000000e+00           5.023055e-02           5.387253e-01           0.000000e+00           0.000000e+00   
        2.200000e+00           1.000000e-01           9.500000e-01           1.504507e+02           6.490840e+00           2.241902e+01           0.000000e+00           6.230409e-02           4.898365e-01           0.000000e+00           0.000000e+00   
        2.250000e+00           1.000000e-01           9.500000e-01           1.683579e+02           7.634479e+00           1.984887e+01           0.000000e+00           6.999334e-02           4.540099e-01           0.000000e+00           0.000000e+00   
        2.300000e+00           1.000000e-01           9.500000e-01           1.835207e+02           8.993610e+00           1.814174e+01           0.000000e+00           7.594404e-02           4.258171e-01           0.000000e+00           0.000000e+00   
        2.350000e+00           1.000000e-01           9.500000e-01           2.045118e+02           1.053702e+01           1.641021e+01           0.000000e+00           8.186589e-02           3.944730e-01           0.000000e+00           0.000000e+00   
        2.400000e+00           1.000000e-01           9.500000e-01           2.040989e+02           1.215023e+01           1.306600e+01           0.000000e+00           9.431764e-02           3.634798e-01           0.000000e+00           0.000000e+00   
        2.200000e+00           1.000000e-01           1.000000e+00           1.500563e+02           6.492260e+00           2.258333e+01           0.000000e+00           6.175360e-02           4.909521e-01           0.000000e+00           0.000000e+00   
        2.250000e+00           1.000000e-01           1.000000e+00           1.677148e+02           7.638605e+00           2.014384e+01           0.000000e+00           6.896103e-02           4.557078e-01           0.000000e+00           0.000000e+00   
        2.300000e+00           1.000000e-01           1.000000e+00           1.794374e+02           9.000646e+00           1.869170e+01           0.000000e+00           7.394019e-02           4.349257e-01           0.000000e+00           0.000000e+00   
        2.350000e+00           1.000000e-01           1.000000e+00           2.050946e+02           1.054174e+01           1.671264e+01           0.000000e+00           8.100881e-02           3.959460e-01           0.000000e+00           0.000000e+00   
        2.400000e+00           1.000000e-01           1.000000e+00           2.160271e+02           1.218507e+01           1.442678e+01           0.000000e+00           8.830817e-02           3.668836e-01           0.000000e+00           0.000000e+00   
        2.200000e+00           1.000000e-01           1.050000e+00           1.494980e+02           6.494407e+00           2.275645e+01           0.000000e+00           6.112339e-02           4.938156e-01           0.000000e+00           0.000000e+00   
        2.250000e+00           1.000000e-01           1.050000e+00           1.627406e+02           7.644000e+00           2.082587e+01           0.000000e+00           6.706680e-02           4.661120e-01           0.000000e+00           0.000000e+00   
        2.300000e+00           1.000000e-01           1.050000e+00           1.787474e+02           9.001087e+00           1.887379e+01           0.000000e+00           7.313569e-02           4.366511e-01           0.000000e+00           0.000000e+00   
        2.350000e+00           1.000000e-01           1.050000e+00           2.037348e+02           1.053781e+01           1.637436e+01           0.000000e+00           8.191268e-02           3.950404e-01           0.000000e+00           0.000000e+00   
        2.400000e+00           1.000000e-01           1.050000e+00           2.221121e+02           1.220297e+01           1.507012e+01           0.000000e+00           8.611317e-02           3.690026e-01           0.000000e+00           0.000000e+00   
        2.450000e+00           1.000000e-01           1.050000e+00           2.103077e+02           1.393580e+01           1.258601e+01           0.000000e+00           9.547341e-02           3.545574e-01           0.000000e+00           0.000000e+00   
        2.200000e+00           1.000000e-01           1.100000e+00           1.419381e+02           6.502523e+00           2.392457e+01           0.000000e+00           5.723567e-02           5.115874e-01           0.000000e+00           0.000000e+00   
        2.250000e+00           1.000000e-01           1.100000e+00           1.587577e+02           7.647760e+00           2.133358e+01           0.000000e+00           6.544933e-02           4.761114e-01           0.000000e+00           0.000000e+00   
        2.300000e+00           1.000000e-01           1.100000e+00           1.783954e+02           9.003456e+00           1.903293e+01           0.000000e+00           7.254051e-02           4.384244e-01           0.000000e+00           0.000000e+00   
        2.350000e+00           1.000000e-01           1.100000e+00           2.003403e+02           1.055007e+01           1.714841e+01           0.000000e+00           7.939666e-02           4.046903e-01           0.000000e+00           0.000000e+00   
        2.400000e+00           1.000000e-01           1.100000e+00           2.245407e+02           1.221448e+01           1.551539e+01           0.000000e+00           8.420787e-02           3.731736e-01           0.000000e+00           0.000000e+00   
        2.450000e+00           1.000000e-01           1.100000e+00           2.313552e+02           1.395759e+01           1.378788e+01           0.000000e+00           9.102416e-02           3.531304e-01           0.000000e+00           0.000000e+00   
        2.200000e+00           1.000000e-01           1.150000e+00           1.396379e+02           6.501381e+00           2.369453e+01           0.000000e+00           5.761142e-02           5.121390e-01           0.000000e+00           0.000000e+00   
        2.250000e+00           1.000000e-01           1.150000e+00           1.579310e+02           7.649826e+00           2.157789e+01           0.000000e+00           6.481830e-02           4.773432e-01           0.000000e+00           0.000000e+00   
        2.300000e+00           1.000000e-01           1.150000e+00           1.777757e+02           9.004392e+00           1.930081e+01           0.000000e+00           7.156070e-02           4.427959e-01           0.000000e+00           0.000000e+00   
        2.350000e+00           1.000000e-01           1.150000e+00           1.989432e+02           1.055404e+01           1.740228e+01           0.000000e+00           7.837119e-02           4.075788e-01           0.000000e+00           0.000000e+00   
        2.400000e+00           1.000000e-01           1.150000e+00           2.226972e+02           1.221203e+01           1.542215e+01           0.000000e+00           8.462786e-02           3.734311e-01           0.000000e+00           0.000000e+00   
        2.450000e+00           1.000000e-01           1.150000e+00           2.413433e+02           1.398201e+01           1.456557e+01           0.000000e+00           8.752955e-02           3.531304e-01           0.000000e+00           0.000000e+00   
        2.500000e+00           1.000000e-01           1.150000e+00           2.301827e+02           1.594126e+01           1.241254e+01           0.000000e+00           9.491734e-02           3.404429e-01           0.000000e+00           0.000000e+00   
        2.200000e+00           1.000000e-01           1.200000e+00           1.385355e+02           6.499458e+00           2.338331e+01           0.000000e+00           5.815782e-02           5.115874e-01           0.000000e+00           0.000000e+00   
        2.250000e+00           1.000000e-01           1.200000e+00           1.567819e+02           7.650705e+00           2.150932e+01           0.000000e+00           6.474567e-02           4.784695e-01           0.000000e+00           0.000000e+00   
        2.300000e+00           1.000000e-01           1.200000e+00           1.768865e+02           9.007113e+00           1.940550e+01           0.000000e+00           7.097295e-02           4.445567e-01           0.000000e+00           0.000000e+00   
        2.350000e+00           1.000000e-01           1.200000e+00           1.978443e+02           1.055725e+01           1.759460e+01           0.000000e+00           7.778609e-02           4.121396e-01           0.000000e+00           0.000000e+00   
        2.400000e+00           1.000000e-01           1.200000e+00           2.168414e+02           1.223069e+01           1.619222e+01           0.000000e+00           8.193307e-02           3.856676e-01           0.000000e+00           0.000000e+00   
        2.450000e+00           1.000000e-01           1.200000e+00           2.443064e+02           1.399744e+01           1.505503e+01           0.000000e+00           8.565931e-02           3.549222e-01           0.000000e+00           0.000000e+00   
        2.500000e+00           1.000000e-01           1.200000e+00           2.518858e+02           1.595905e+01           1.362423e+01           0.000000e+00           9.031927e-02           3.380005e-01           0.000000e+00           0.000000e+00   
        2.250000e+00           1.000000e-01           1.250000e+00           1.553648e+02           7.648678e+00           2.121625e+01           0.000000e+00           6.548201e-02           4.773432e-01           0.000000e+00           0.000000e+00   
        2.300000e+00           1.000000e-01           1.250000e+00           1.752648e+02           9.007607e+00           1.946954e+01           0.000000e+00           7.090278e-02           4.461847e-01           0.000000e+00           0.000000e+00   
        2.350000e+00           1.000000e-01           1.250000e+00           1.948348e+02           1.056089e+01           1.786273e+01           0.000000e+00           7.667738e-02           4.165684e-01           0.000000e+00           0.000000e+00   
        2.400000e+00           1.000000e-01           1.250000e+00           2.144578e+02           1.223268e+01           1.637372e+01           0.000000e+00           8.139255e-02           3.879544e-01           0.000000e+00           0.000000e+00   
        2.450000e+00           1.000000e-01           1.250000e+00           2.436658e+02           1.400391e+01           1.519457e+01           0.000000e+00           8.507156e-02           3.577930e-01           0.000000e+00           0.000000e+00   
        2.500000e+00           1.000000e-01           1.250000e+00           2.617481e+02           1.597110e+01           1.433221e+01           0.000000e+00           8.761590e-02           3.391975e-01           0.000000e+00           0.000000e+00   
        2.300000e+00           1.000000e-01           1.300000e+00           1.714054e+02           9.001099e+00           1.856763e+01           0.000000e+00           7.346452e-02           4.433295e-01           0.000000e+00           0.000000e+00   
        2.350000e+00           1.000000e-01           1.300000e+00           1.914132e+02           1.055297e+01           1.728957e+01           0.000000e+00           7.857894e-02           4.139540e-01           0.000000e+00           0.000000e+00   
        2.400000e+00           1.000000e-01           1.300000e+00           2.109499e+02           1.223887e+01           1.664987e+01           0.000000e+00           8.045485e-02           3.948512e-01           0.000000e+00           0.000000e+00   
        2.450000e+00           1.000000e-01           1.300000e+00           2.375344e+02           1.402584e+01           1.597591e+01           0.000000e+00           8.195298e-02           3.690026e-01           0.000000e+00           0.000000e+00   
        2.500000e+00           1.000000e-01           1.300000e+00           2.647856e+02           1.598489e+01           1.486046e+01           0.000000e+00           8.549364e-02           3.435105e-01           0.000000e+00           0.000000e+00   
        2.350000e+00           1.000000e-01           1.350000e+00           1.855607e+02           1.055602e+01           1.749871e+01           0.000000e+00           7.732197e-02           4.221346e-01           0.000000e+00           0.000000e+00   
        2.400000e+00           1.000000e-01           1.350000e+00           2.092478e+02           1.223607e+01           1.649304e+01           0.000000e+00           8.083431e-02           3.948512e-01           0.000000e+00           0.000000e+00   
        2.450000e+00           1.000000e-01           1.350000e+00           2.351712e+02           1.403547e+01           1.608727e+01           0.000000e+00           8.140551e-02           3.734690e-01           0.000000e+00           0.000000e+00   
        2.500000e+00           1.000000e-01           1.350000e+00           2.602874e+02           1.599070e+01           1.515805e+01           0.000000e+00           8.433915e-02           3.482498e-01           0.000000e+00           0.000000e+00   
        2.400000e+00           1.000000e-01           1.400000e+00           2.080157e+02           1.223670e+01           1.638904e+01           0.000000e+00           8.096292e-02           3.948512e-01           0.000000e+00           0.000000e+00   
        2.450000e+00           1.000000e-01           1.400000e+00           2.319004e+02           1.403507e+01           1.622511e+01           0.000000e+00           8.060702e-02           3.768323e-01           0.000000e+00           0.000000e+00   
        2.500000e+00           1.000000e-01           1.400000e+00           2.563409e+02           1.599558e+01           1.543381e+01           0.000000e+00           8.316561e-02           3.543706e-01           0.000000e+00           0.000000e+00   
        2.450000e+00           1.000000e-01           1.450000e+00           2.282163e+02           1.402421e+01           1.570288e+01           0.000000e+00           8.261401e-02           3.740784e-01           0.000000e+00           0.000000e+00   
        2.500000e+00           1.000000e-01           1.450000e+00           2.509415e+02           1.599753e+01           1.547127e+01           0.000000e+00           8.263585e-02           3.577340e-01           0.000000e+00           0.000000e+00   
        2.500000e+00           1.000000e-01           1.500000e+00           2.516431e+02           1.599755e+01           1.530863e+01           0.000000e+00           8.339266e-02           3.565868e-01           0.000000e+00           0.000000e+00   
        1.750000e+00           1.500000e-01           7.000000e-01           5.805481e+01           2.541464e+00           3.127865e+01           1.000000e+00           0.000000e+00           0.000000e+00           0.000000e+00           0.000000e+00   
        1.750000e+00           1.500000e-01           7.500000e-01           5.817202e+01           2.549692e+00           3.265314e+01           1.000000e+00           0.000000e+00           0.000000e+00           0.000000e+00           0.000000e+00   
        2.150000e+00           1.500000e-01           8.500000e-01           1.455721e+02           9.681332e+00           1.180159e+01           0.000000e+00           9.953364e-02           3.998375e-01           0.000000e+00           0.000000e+00   
        2.150000e+00           1.500000e-01           9.000000e-01           1.456663e+02           9.691387e+00           1.212597e+01           0.000000e+00           9.793565e-02           4.048796e-01           0.000000e+00           0.000000e+00   
        2.200000e+00           1.500000e-01           9.000000e-01           1.621128e+02           1.128642e+01           1.105549e+01           0.000000e+00           1.038323e-01           3.740127e-01           0.000000e+00           0.000000e+00   
        2.250000e+00           1.500000e-01           9.000000e-01           1.740149e+02           1.298813e+01           1.013359e+01           0.000000e+00           1.097283e-01           3.534132e-01           0.000000e+00           0.000000e+00   
        2.150000e+00           1.500000e-01           9.500000e-01           1.387409e+02           9.711677e+00           1.310901e+01           0.000000e+00           9.068339e-02           4.265838e-01           0.000000e+00           0.000000e+00   
        2.200000e+00           1.500000e-01           9.500000e-01           1.552712e+02           1.131061e+01           1.189304e+01           0.000000e+00           9.819341e-02           3.966146e-01           0.000000e+00           0.000000e+00   
        2.250000e+00           1.500000e-01           9.500000e-01           1.748709e+02           1.302740e+01           1.089443e+01           0.000000e+00           1.038758e-01           3.639315e-01           0.000000e+00           0.000000e+00   
        2.300000e+00           1.500000e-01           9.500000e-01           1.861330e+02           1.477396e+01           1.008538e+01           0.000000e+00           1.089007e-01           3.464531e-01           0.000000e+00           0.000000e+00   
        2.150000e+00           1.500000e-01           1.000000e+00           1.380056e+02           9.720389e+00           1.348809e+01           0.000000e+00           8.843360e-02           4.285261e-01           0.000000e+00           0.000000e+00   
        2.200000e+00           1.500000e-01           1.000000e+00           1.541515e+02           1.132095e+01           1.228919e+01           0.000000e+00           9.588094e-02           3.998375e-01           0.000000e+00           0.000000e+00   
        2.250000e+00           1.500000e-01           1.000000e+00           1.718859e+02           1.304156e+01           1.152004e+01           0.000000e+00           9.977249e-02           3.760087e-01           0.000000e+00           0.000000e+00   
        2.300000e+00           1.500000e-01           1.000000e+00           1.866174e+02           1.490359e+01           1.089663e+01           0.000000e+00           1.025567e-01           3.571204e-01           0.000000e+00           0.000000e+00   
        2.350000e+00           1.500000e-01           1.000000e+00           1.971986e+02           1.676647e+01           1.022274e+01           0.000000e+00           1.064494e-01           3.390997e-01           0.000000e+00           0.000000e+00   
        2.200000e+00           1.500000e-01           1.050000e+00           1.529171e+02           1.131943e+01           1.223363e+01           0.000000e+00           9.611101e-02           4.007086e-01           0.000000e+00           0.000000e+00   
        2.250000e+00           1.500000e-01           1.050000e+00           1.703975e+02           1.304251e+01           1.150045e+01           0.000000e+00           9.982536e-02           3.760087e-01           0.000000e+00           0.000000e+00   
        2.300000e+00           1.500000e-01           1.050000e+00           1.878447e+02           1.492700e+01           1.134550e+01           0.000000e+00           9.973843e-02           3.597690e-01           0.000000e+00           0.000000e+00   
        2.350000e+00           1.500000e-01           1.050000e+00           2.015572e+02           1.694239e+01           1.086571e+01           0.000000e+00           1.019467e-01           3.466034e-01           0.000000e+00           0.000000e+00   
        2.400000e+00           1.500000e-01           1.050000e+00           2.060433e+02           1.924344e+01           1.026801e+01           0.000000e+00           1.042108e-01           3.383775e-01           5.639803e-04           0.000000e+00   
        2.200000e+00           1.500000e-01           1.100000e+00           1.507908e+02           1.132720e+01           1.258070e+01           0.000000e+00           9.382884e-02           4.074013e-01           0.000000e+00           0.000000e+00   
        2.250000e+00           1.500000e-01           1.100000e+00           1.675326e+02           1.305194e+01           1.195308e+01           0.000000e+00           9.745887e-02           3.858069e-01           0.000000e+00           0.000000e+00   
        2.300000e+00           1.500000e-01           1.100000e+00           1.870859e+02           1.492646e+01           1.142650e+01           0.000000e+00           9.923901e-02           3.639315e-01           0.000000e+00           0.000000e+00   
        2.350000e+00           1.500000e-01           1.100000e+00           2.048903e+02           1.702624e+01           1.121271e+01           0.000000e+00           9.952831e-02           3.476982e-01           0.000000e+00           0.000000e+00   
        2.400000e+00           1.500000e-01           1.100000e+00           2.172763e+02           1.935654e+01           1.066860e+01           0.000000e+00           1.017062e-01           3.345978e-01           9.093949e-05           0.000000e+00   
        2.450000e+00           1.500000e-01           1.100000e+00           2.218973e+02           2.222438e+01           9.708918e+00           0.000000e+00           1.057409e-01           3.222702e-01           1.184097e-02           0.000000e+00   
        2.200000e+00           1.500000e-01           1.150000e+00           1.412068e+02           1.135396e+01           1.379661e+01           0.000000e+00           8.559036e-02           4.359432e-01           0.000000e+00           0.000000e+00   
        2.250000e+00           1.500000e-01           1.150000e+00           1.598764e+02           1.306821e+01           1.284326e+01           0.000000e+00           9.144239e-02           4.050696e-01           0.000000e+00           0.000000e+00   
        2.300000e+00           1.500000e-01           1.150000e+00           1.805130e+02           1.494297e+01           1.224857e+01           0.000000e+00           9.494433e-02           3.791073e-01           0.000000e+00           0.000000e+00   
        2.350000e+00           1.500000e-01           1.150000e+00           2.062841e+02           1.706348e+01           1.152674e+01           0.000000e+00           9.753049e-02           3.491461e-01           0.000000e+00           0.000000e+00   
        2.400000e+00           1.500000e-01           1.150000e+00           2.234006e+02           1.945924e+01           1.096533e+01           0.000000e+00           9.983165e-02           3.345599e-01           0.000000e+00           0.000000e+00   
        2.450000e+00           1.500000e-01           1.150000e+00           2.343069e+02           2.238602e+01           1.011554e+01           0.000000e+00           1.032708e-01           3.186480e-01           6.949689e-03           0.000000e+00   
        2.500000e+00           1.500000e-01           1.150000e+00           2.379389e+02           2.581296e+01           9.070792e+00           0.000000e+00           1.078013e-01           3.075839e-01           1.083849e-01           0.000000e+00   
        2.200000e+00           1.500000e-01           1.200000e+00           1.394827e+02           1.136042e+01           1.397456e+01           0.000000e+00           8.501129e-02           4.395456e-01           0.000000e+00           0.000000e+00   
        2.250000e+00           1.500000e-01           1.200000e+00           1.586524e+02           1.307566e+01           1.319186e+01           0.000000e+00           8.955332e-02           4.095434e-01           0.000000e+00           0.000000e+00   
        2.300000e+00           1.500000e-01           1.200000e+00           1.799579e+02           1.495454e+01           1.251596e+01           0.000000e+00           9.360603e-02           3.852732e-01           0.000000e+00           0.000000e+00   
        2.350000e+00           1.500000e-01           1.200000e+00           2.026689e+02           1.707644e+01           1.173542e+01           0.000000e+00           9.666484e-02           3.574757e-01           0.000000e+00           0.000000e+00   
        2.400000e+00           1.500000e-01           1.200000e+00           2.258439e+02           1.953622e+01           1.122759e+01           0.000000e+00           9.822874e-02           3.350402e-01           0.000000e+00           0.000000e+00   
        2.450000e+00           1.500000e-01           1.200000e+00           2.417132e+02           2.250956e+01           1.041656e+01           0.000000e+00           1.017991e-01           3.172389e-01           4.446560e-03           0.000000e+00   
        2.500000e+00           1.500000e-01           1.200000e+00           2.517508e+02           2.602220e+01           9.460762e+00           0.000000e+00           1.052078e-01           3.017918e-01           7.643256e-02           0.000000e+00   
        2.200000e+00           1.500000e-01           1.250000e+00           1.364999e+02           1.135090e+01           1.359559e+01           0.000000e+00           8.585616e-02           4.389644e-01           0.000000e+00           0.000000e+00   
        2.250000e+00           1.500000e-01           1.250000e+00           1.562627e+02           1.307225e+01           1.302864e+01           0.000000e+00           9.015475e-02           4.107619e-01           0.000000e+00           0.000000e+00   
        2.300000e+00           1.500000e-01           1.250000e+00           1.781893e+02           1.495430e+01           1.283611e+01           0.000000e+00           9.140915e-02           3.873328e-01           0.000000e+00           0.000000e+00   
        2.350000e+00           1.500000e-01           1.250000e+00           1.977280e+02           1.709175e+01           1.219528e+01           0.000000e+00           9.459530e-02           3.669339e-01           0.000000e+00           0.000000e+00   
        2.400000e+00           1.500000e-01           1.250000e+00           2.225404e+02           1.959184e+01           1.141390e+01           0.000000e+00           9.688931e-02           3.405293e-01           0.000000e+00           0.000000e+00   
        2.450000e+00           1.500000e-01           1.250000e+00           2.454002e+02           2.260936e+01           1.065524e+01           0.000000e+00           1.003879e-01           3.186480e-01           2.803724e-03           0.000000e+00   
        2.500000e+00           1.500000e-01           1.250000e+00           2.608035e+02           2.618232e+01           9.726310e+00           0.000000e+00           1.034074e-01           2.996890e-01           5.921191e-02           0.000000e+00   
        2.250000e+00           1.500000e-01           1.300000e+00           1.460007e+02           1.308548e+01           1.345599e+01           0.000000e+00           8.638737e-02           4.285619e-01           0.000000e+00           0.000000e+00   
        2.300000e+00           1.500000e-01           1.300000e+00           1.716569e+02           1.496112e+01           1.306214e+01           0.000000e+00           8.951304e-02           3.989724e-01           0.000000e+00           0.000000e+00   
        2.350000e+00           1.500000e-01           1.300000e+00           1.924431e+02           1.710217e+01           1.276055e+01           0.000000e+00           9.104378e-02           3.784984e-01           0.000000e+00           0.000000e+00   
        2.400000e+00           1.500000e-01           1.300000e+00           2.178680e+02           1.965419e+01           1.194841e+01           0.000000e+00           9.401597e-02           3.491461e-01           0.000000e+00           0.000000e+00   
        2.450000e+00           1.500000e-01           1.300000e+00           2.436427e+02           2.267356e+01           1.082303e+01           0.000000e+00           9.881323e-02           3.217919e-01           1.937550e-03           0.000000e+00   
        2.500000e+00           1.500000e-01           1.300000e+00           2.654765e+02           2.630687e+01           9.976953e+00           0.000000e+00           1.021733e-01           3.002565e-01           4.385394e-02           0.000000e+00   
        2.300000e+00           1.500000e-01           1.350000e+00           1.631436e+02           1.497108e+01           1.351241e+01           0.000000e+00           8.623899e-02           4.135049e-01           0.000000e+00           0.000000e+00   
        2.350000e+00           1.500000e-01           1.350000e+00           1.884968e+02           1.711315e+01           1.318166e+01           0.000000e+00           8.827255e-02           3.873328e-01           0.000000e+00           0.000000e+00   
        2.400000e+00           1.500000e-01           1.350000e+00           2.120934e+02           1.967704e+01           1.248012e+01           0.000000e+00           9.138947e-02           3.624933e-01           0.000000e+00           0.000000e+00   
        2.450000e+00           1.500000e-01           1.350000e+00           2.399869e+02           2.277014e+01           1.125985e+01           0.000000e+00           9.604716e-02           3.292624e-01           5.639803e-04           0.000000e+00   
        2.500000e+00           1.500000e-01           1.350000e+00           2.666021e+02           2.639723e+01           1.026631e+01           0.000000e+00           1.002485e-01           3.024077e-01           2.842728e-02           0.000000e+00   
        2.350000e+00           1.500000e-01           1.400000e+00           1.798567e+02           1.711642e+01           1.373512e+01           0.000000e+00           8.506774e-02           4.027555e-01           0.000000e+00           0.000000e+00   
        2.400000e+00           1.500000e-01           1.400000e+00           2.069380e+02           1.968585e+01           1.295756e+01           0.000000e+00           8.901624e-02           3.744758e-01           0.000000e+00           0.000000e+00   
        2.450000e+00           1.500000e-01           1.400000e+00           2.308113e+02           2.280500e+01           1.212840e+01           0.000000e+00           9.137294e-02           3.485326e-01           0.000000e+00           0.000000e+00   
        2.500000e+00           1.500000e-01           1.400000e+00           2.633466e+02           2.643783e+01           1.048445e+01           0.000000e+00           9.901777e-02           3.081650e-01           1.849898e-02           0.000000e+00   
        2.350000e+00           1.500000e-01           1.450000e+00           1.742477e+02           1.711565e+01           1.366349e+01           0.000000e+00           8.506053e-02           4.078808e-01           0.000000e+00           0.000000e+00   
        2.400000e+00           1.500000e-01           1.450000e+00           1.992336e+02           1.969146e+01           1.320678e+01           0.000000e+00           8.696936e-02           3.826196e-01           0.000000e+00           0.000000e+00   
        2.450000e+00           1.500000e-01           1.450000e+00           2.230570e+02           2.281155e+01           1.257998e+01           0.000000e+00           8.919886e-02           3.595038e-01           0.000000e+00           0.000000e+00   
        2.500000e+00           1.500000e-01           1.450000e+00           2.525164e+02           2.648043e+01           1.129553e+01           0.000000e+00           9.321522e-02           3.292624e-01           3.381777e-03           0.000000e+00   
        2.400000e+00           1.500000e-01           1.500000e+00           1.935975e+02           1.969287e+01           1.354873e+01           0.000000e+00           8.498135e-02           3.927731e-01           0.000000e+00           0.000000e+00   
        2.450000e+00           1.500000e-01           1.500000e+00           2.207172e+02           2.281166e+01           1.263487e+01           0.000000e+00           8.875008e-02           3.633815e-01           0.000000e+00           0.000000e+00   
        2.500000e+00           1.500000e-01           1.500000e+00           2.457462e+02           2.647855e+01           1.173490e+01           0.000000e+00           9.082247e-02           3.375859e-01           1.142229e-03           0.000000e+00   
        2.400000e+00           1.500000e-01           1.550000e+00           1.891071e+02           1.969793e+01           1.380376e+01           0.000000e+00           8.377171e-02           3.986034e-01           0.000000e+00           0.000000e+00   
        2.450000e+00           1.500000e-01           1.550000e+00           2.150143e+02           2.281192e+01           1.309937e+01           0.000000e+00           8.609746e-02           3.738717e-01           0.000000e+00           0.000000e+00   
        2.500000e+00           1.500000e-01           1.550000e+00           2.431954e+02           2.647690e+01           1.215560e+01           0.000000e+00           8.882954e-02           3.473587e-01           2.268816e-04           0.000000e+00   
        2.450000e+00           1.500000e-01           1.600000e+00           2.108298e+02           2.281449e+01           1.344131e+01           0.000000e+00           8.431867e-02           3.811196e-01           0.000000e+00           0.000000e+00   
        2.500000e+00           1.500000e-01           1.600000e+00           2.384094e+02           2.647098e+01           1.254068e+01           0.000000e+00           8.701373e-02           3.555800e-01           0.000000e+00           0.000000e+00   
        2.450000e+00           1.500000e-01           1.650000e+00           2.068598e+02           2.281878e+01           1.369294e+01           0.000000e+00           8.276566e-02           3.877589e-01           0.000000e+00           0.000000e+00   
        2.500000e+00           1.500000e-01           1.650000e+00           2.343877e+02           2.646114e+01           1.287446e+01           0.000000e+00           8.564076e-02           3.597993e-01           0.000000e+00           0.000000e+00   
        2.450000e+00           1.500000e-01           1.700000e+00           2.043279e+02           2.282024e+01           1.391917e+01           0.000000e+00           8.197839e-02           3.930307e-01           0.000000e+00           0.000000e+00   
        2.500000e+00           1.500000e-01           1.700000e+00           2.315840e+02           2.645911e+01           1.317583e+01           0.000000e+00           8.414372e-02           3.683024e-01           0.000000e+00           0.000000e+00   
        2.500000e+00           1.500000e-01           1.750000e+00           2.290799e+02           2.646219e+01           1.321865e+01           0.000000e+00           8.374380e-02           3.692360e-01           0.000000e+00           0.000000e+00   
        2.500000e+00           1.500000e-01           1.800000e+00           2.249970e+02           2.645567e+01           1.374366e+01           0.000000e+00           8.120015e-02           3.790852e-01           0.000000e+00           0.000000e+00   
        1.750000e+00           2.000000e-01           7.000000e-01           5.981068e+01           3.832006e+00           1.828151e+01           0.000000e+00           5.195294e-02           6.106517e-01           0.000000e+00           0.000000e+00   
        1.750000e+00           2.000000e-01           7.500000e-01           5.987903e+01           3.855642e+00           1.888579e+01           0.000000e+00           4.988378e-02           6.154947e-01           0.000000e+00           0.000000e+00   
        2.150000e+00           2.000000e-01           9.000000e-01           1.469090e+02           1.357147e+01           9.016035e+00           0.000000e+00           1.151595e-01           3.670096e-01           0.000000e+00           0.000000e+00   
        2.150000e+00           2.000000e-01           9.500000e-01           1.468445e+02           1.364920e+01           9.215543e+00           0.000000e+00           1.134902e-01           3.696636e-01           0.000000e+00           0.000000e+00   
        2.200000e+00           2.000000e-01           9.500000e-01           1.630503e+02           1.543764e+01           9.141890e+00           0.000000e+00           1.134787e-01           3.574757e-01           3.771797e-04           0.000000e+00   
        2.250000e+00           2.000000e-01           9.500000e-01           1.754241e+02           1.754430e+01           8.863916e+00           0.000000e+00           1.140690e-01           3.423826e-01           4.811358e-03           0.000000e+00   
        2.150000e+00           2.000000e-01           1.000000e+00           1.397504e+02           1.385298e+01           9.666119e+00           0.000000e+00           1.079428e-01           3.873328e-01           0.000000e+00           0.000000e+00   
        2.200000e+00           2.000000e-01           1.000000e+00           1.560438e+02           1.562597e+01           9.643878e+00           0.000000e+00           1.081295e-01           3.718085e-01           0.000000e+00           0.000000e+00   
        2.250000e+00           2.000000e-01           1.000000e+00           1.774992e+02           1.764801e+01           9.204539e+00           0.000000e+00           1.116046e-01           3.471834e-01           2.304574e-03           0.000000e+00   
        2.300000e+00           2.000000e-01           1.000000e+00           1.889579e+02           2.022670e+01           8.702214e+00           0.000000e+00           1.130721e-01           3.311482e-01           2.388908e-02           0.000000e+00   
        2.150000e+00           2.000000e-01           1.050000e+00           1.385482e+02           1.389617e+01           9.971608e+00           0.000000e+00           1.051128e-01           3.948367e-01           0.000000e+00           0.000000e+00   
        2.200000e+00           2.000000e-01           1.050000e+00           1.548268e+02           1.566559e+01           9.745841e+00           0.000000e+00           1.069593e-01           3.773793e-01           0.000000e+00           0.000000e+00   
        2.250000e+00           2.000000e-01           1.050000e+00           1.723485e+02           1.779793e+01           9.710030e+00           0.000000e+00           1.072785e-01           3.595038e-01           4.705800e-04           0.000000e+00   
        2.300000e+00           2.000000e-01           1.050000e+00           1.881063e+02           2.039992e+01           9.172303e+00           0.000000e+00           1.095991e-01           3.406043e-01           9.917874e-03           0.000000e+00   
        2.350000e+00           2.000000e-01           1.050000e+00           1.989238e+02           2.361975e+01           8.454743e+00           0.000000e+00           1.126273e-01           3.257253e-01           1.011700e-01           0.000000e+00   
        2.200000e+00           2.000000e-01           1.100000e+00           1.525558e+02           1.574500e+01           9.988529e+00           0.000000e+00           1.049229e-01           3.816197e-01           0.000000e+00           0.000000e+00   
        2.250000e+00           2.000000e-01           1.100000e+00           1.700587e+02           1.784443e+01           9.851244e+00           0.000000e+00           1.054340e-01           3.651922e-01           2.268816e-04           0.000000e+00   
        2.300000e+00           2.000000e-01           1.100000e+00           1.884773e+02           2.050016e+01           9.468274e+00           0.000000e+00           1.072935e-01           3.467776e-01           5.545780e-03           0.000000e+00   
        2.350000e+00           2.000000e-01           1.100000e+00           2.044444e+02           2.367554e+01           8.731436e+00           0.000000e+00           1.101957e-01           3.251441e-01           7.231121e-02           0.000000e+00   
        2.400000e+00           2.000000e-01           1.100000e+00           2.160592e+02           2.747650e+01           7.983537e+00           0.000000e+00           1.152507e-01           3.099194e-01           4.057788e-01           0.000000e+00   
        2.200000e+00           2.000000e-01           1.150000e+00           1.464168e+02           1.589185e+01           1.043592e+01           0.000000e+00           1.005976e-01           3.970148e-01           0.000000e+00           0.000000e+00   
        2.250000e+00           2.000000e-01           1.150000e+00           1.613688e+02           1.804606e+01           1.041476e+01           0.000000e+00           1.001428e-01           3.831666e-01           0.000000e+00           0.000000e+00   
        2.300000e+00           2.000000e-01           1.150000e+00           1.860586e+02           2.056629e+01           9.638648e+00           0.000000e+00           1.058792e-01           3.499945e-01           3.624068e-03           0.000000e+00   
        2.350000e+00           2.000000e-01           1.150000e+00           2.072728e+02           2.376264e+01           8.960023e+00           0.000000e+00           1.088963e-01           3.269547e-01           5.346564e-02           0.000000e+00   
        2.400000e+00           2.000000e-01           1.150000e+00           2.224629e+02           2.755534e+01           8.234063e+00           0.000000e+00           1.129997e-01           3.090944e-01           3.373733e-01           0.000000e+00   
        2.450000e+00           2.000000e-01           1.150000e+00           2.348210e+02           3.174946e+01           7.681518e+00           0.000000e+00           1.156857e-01           2.943412e-01           7.643922e-01           0.000000e+00   
        2.200000e+00           2.000000e-01           1.200000e+00           1.407409e+02           1.594391e+01           1.098111e+01           0.000000e+00           9.659637e-02           4.111132e-01           0.000000e+00           0.000000e+00   
        2.250000e+00           2.000000e-01           1.200000e+00           1.599644e+02           1.812292e+01           1.064179e+01           0.000000e+00           9.866185e-02           3.883263e-01           0.000000e+00           0.000000e+00   
        2.300000e+00           2.000000e-01           1.200000e+00           1.810347e+02           2.073679e+01           1.006646e+01           0.000000e+00           1.018908e-01           3.622301e-01           1.271001e-03           0.000000e+00   
        2.350000e+00           2.000000e-01           1.200000e+00           2.075538e+02           2.385220e+01           9.124341e+00           0.000000e+00           1.076329e-01           3.286915e-01           4.152442e-02           0.000000e+00   
        2.400000e+00           2.000000e-01           1.200000e+00           2.261365e+02           2.762229e+01           8.466665e+00           0.000000e+00           1.109295e-01           3.099194e-01           2.737616e-01           0.000000e+00   
        2.450000e+00           2.000000e-01           1.200000e+00           2.418469e+02           3.181360e+01           7.937312e+00           0.000000e+00           1.137850e-01           2.936346e-01           6.943604e-01           0.000000e+00   
        2.500000e+00           2.000000e-01           1.200000e+00           2.537841e+02           3.651433e+01           7.531715e+00           0.000000e+00           1.147790e-01           2.851770e-01           9.444974e-01           0.000000e+00   
        2.200000e+00           2.000000e-01           1.250000e+00           1.362098e+02           1.593784e+01           1.082018e+01           0.000000e+00           9.683160e-02           4.167659e-01           0.000000e+00           0.000000e+00   
        2.250000e+00           2.000000e-01           1.250000e+00           1.586774e+02           1.818591e+01           1.084285e+01           0.000000e+00           9.727711e-02           3.933867e-01           0.000000e+00           0.000000e+00   
        2.300000e+00           2.000000e-01           1.250000e+00           1.797804e+02           2.083082e+01           1.026839e+01           0.000000e+00           1.000547e-01           3.683024e-01           6.752777e-04           0.000000e+00   
        2.350000e+00           2.000000e-01           1.250000e+00           1.993032e+02           2.406757e+01           9.517636e+00           0.000000e+00           1.041105e-01           3.437144e-01           1.896981e-02           0.000000e+00   
        2.400000e+00           2.000000e-01           1.250000e+00           2.268286e+02           2.773375e+01           8.690824e+00           0.000000e+00           1.084637e-01           3.100697e-01           2.130289e-01           0.000000e+00   
        2.450000e+00           2.000000e-01           1.250000e+00           2.462959e+02           3.194423e+01           8.118573e+00           0.000000e+00           1.121257e-01           2.931429e-01           6.423449e-01           0.000000e+00   
        2.500000e+00           2.000000e-01           1.250000e+00           2.618884e+02           3.659722e+01           7.756447e+00           0.000000e+00           1.126242e-01           2.841533e-01           9.195922e-01           0.000000e+00   
        2.250000e+00           2.000000e-01           1.300000e+00           1.527542e+02           1.823092e+01           1.094618e+01           0.000000e+00           9.603816e-02           4.002603e-01           0.000000e+00           0.000000e+00   
        2.300000e+00           2.000000e-01           1.300000e+00           1.748079e+02           2.091286e+01           1.043662e+01           0.000000e+00           9.844702e-02           3.756912e-01           3.771797e-04           0.000000e+00   
        2.350000e+00           2.000000e-01           1.300000e+00           1.941666e+02           2.423366e+01           9.744808e+00           0.000000e+00           1.017164e-01           3.525702e-01           1.214114e-02           0.000000e+00   
        2.400000e+00           2.000000e-01           1.300000e+00           2.197651e+02           2.797756e+01           8.944330e+00           0.000000e+00           1.059497e-01           3.215301e-01           1.448431e-01           0.000000e+00   
        2.450000e+00           2.000000e-01           1.300000e+00           2.476744e+02           3.210749e+01           8.302626e+00           0.000000e+00           1.100967e-01           2.973418e-01           5.770960e-01           0.000000e+00   
        2.500000e+00           2.000000e-01           1.300000e+00           2.666738e+02           3.665055e+01           8.004982e+00           0.000000e+00           1.105442e-01           2.847692e-01           8.753116e-01           0.000000e+00   
        2.300000e+00           2.000000e-01           1.350000e+00           1.648856e+02           2.106599e+01           1.080679e+01           0.000000e+00           9.544777e-02           3.922395e-01           0.000000e+00           0.000000e+00   
        2.350000e+00           2.000000e-01           1.350000e+00           1.895710e+02           2.439059e+01           1.001550e+01           0.000000e+00           9.907351e-02           3.604266e-01           6.827001e-03           0.000000e+00   
        2.400000e+00           2.000000e-01           1.350000e+00           2.139591e+02           2.824077e+01           9.212203e+00           0.000000e+00           1.030960e-01           3.340587e-01           9.577238e-02           0.000000e+00   
        2.450000e+00           2.000000e-01           1.350000e+00           2.416732e+02           3.235727e+01           8.519827e+00           0.000000e+00           1.067968e-01           3.064399e-01           4.739483e-01           0.000000e+00   
        2.500000e+00           2.000000e-01           1.350000e+00           2.689480e+02           3.678791e+01           8.209210e+00           0.000000e+00           1.083627e-01           2.863509e-01           8.275113e-01           0.000000e+00   
        2.350000e+00           2.000000e-01           1.400000e+00           1.819013e+02           2.450359e+01           1.037827e+01           0.000000e+00           9.546262e-02           3.750893e-01           2.803724e-03           0.000000e+00   
        2.400000e+00           2.000000e-01           1.400000e+00           2.086445e+02           2.840007e+01           9.494113e+00           0.000000e+00           1.008817e-01           3.419314e-01           5.956830e-02           0.000000e+00   
        2.450000e+00           2.000000e-01           1.400000e+00           2.344794e+02           3.276880e+01           8.863438e+00           0.000000e+00           1.029034e-01           3.196210e-01           3.394681e-01           0.000000e+00   
        2.500000e+00           2.000000e-01           1.400000e+00           2.670333e+02           3.696883e+01           8.329158e+00           0.000000e+00           1.069119e-01           2.914650e-01           7.884849e-01           0.000000e+00   
        2.400000e+00           2.000000e-01           1.450000e+00           2.007766e+02           2.849082e+01           9.917802e+00           0.000000e+00           9.686192e-02           3.562376e-01           2.751615e-02           0.000000e+00   
        2.450000e+00           2.000000e-01           1.450000e+00           2.268517e+02           3.289221e+01           9.061506e+00           0.000000e+00           1.010759e-01           3.294448e-01           2.551476e-01           0.000000e+00   
        2.500000e+00           2.000000e-01           1.450000e+00           2.569721e+02           3.750349e+01           8.667670e+00           0.000000e+00           1.018399e-01           3.052252e-01           6.450807e-01           0.000000e+00   
        2.400000e+00           2.000000e-01           1.500000e+00           1.953710e+02           2.848019e+01           9.996383e+00           0.000000e+00           9.574190e-02           3.650424e-01           2.176702e-02           0.000000e+00   
        2.450000e+00           2.000000e-01           1.500000e+00           2.223041e+02           3.295027e+01           9.394454e+00           0.000000e+00           9.839519e-02           3.384239e-01           1.644313e-01           0.000000e+00   
        2.500000e+00           2.000000e-01           1.500000e+00           2.483547e+02           3.784483e+01           8.924978e+00           0.000000e+00           9.927382e-02           3.159904e-01           5.236888e-01           0.000000e+00   
        2.450000e+00           2.000000e-01           1.550000e+00           2.157992e+02           3.295813e+01           9.771380e+00           0.000000e+00           9.471211e-02           3.487518e-01           9.231513e-02           0.000000e+00   
        2.500000e+00           2.000000e-01           1.550000e+00           2.450793e+02           3.791011e+01           9.227472e+00           0.000000e+00           9.672337e-02           3.242480e-01           4.067410e-01           0.000000e+00   
        2.450000e+00           2.000000e-01           1.600000e+00           2.119349e+02           3.297689e+01           1.003043e+01           0.000000e+00           9.263817e-02           3.557582e-01           6.125956e-02           0.000000e+00   
        2.500000e+00           2.000000e-01           1.600000e+00           2.409143e+02           3.794980e+01           9.475732e+00           0.000000e+00           9.485699e-02           3.316910e-01           3.120875e-01           0.000000e+00   
        2.500000e+00           2.000000e-01           1.650000e+00           2.365396e+02           3.796028e+01           9.810403e+00           0.000000e+00           9.201749e-02           3.399474e-01           2.101951e-01           0.000000e+00   
        2.500000e+00           2.000000e-01           1.700000e+00           2.328895e+02           3.795539e+01           9.962489e+00           0.000000e+00           9.084908e-02           3.460373e-01           1.695849e-01           0.000000e+00   
        1.750000e+00           2.500000e-01           7.500000e-01           6.119023e+01           5.201652e+00           1.331455e+01           0.000000e+00           7.196141e-02           5.592720e-01           0.000000e+00           0.000000e+00   
        2.150000e+00           2.500000e-01           9.500000e-01           1.473858e+02           1.718863e+01           8.163009e+00           0.000000e+00           1.175233e-01           3.610858e-01           1.036736e-02           0.000000e+00   
        2.150000e+00           2.500000e-01           1.000000e+00           1.428577e+02           1.735449e+01           8.538706e+00           0.000000e+00           1.137438e-01           3.751396e-01           4.285569e-03           0.000000e+00   
        2.200000e+00           2.500000e-01           1.000000e+00           1.615500e+02           1.981487e+01           8.070013e+00           0.000000e+00           1.167138e-01           3.494584e-01           4.021734e-02           0.000000e+00   
        2.150000e+00           2.500000e-01           1.050000e+00           1.392833e+02           1.748933e+01           8.906640e+00           0.000000e+00           1.096234e-01           3.853348e-01           1.564794e-03           0.000000e+00   
        2.200000e+00           2.500000e-01           1.050000e+00           1.560487e+02           2.000290e+01           8.480489e+00           0.000000e+00           1.123737e-01           3.648819e-01           1.750600e-02           0.000000e+00   
        2.250000e+00           2.500000e-01           1.050000e+00           1.730659e+02           2.312810e+01           7.842382e+00           0.000000e+00           1.164720e-01           3.402232e-01           1.502963e-01           0.000000e+00   
        2.150000e+00           2.500000e-01           1.100000e+00           1.373001e+02           1.754062e+01           9.053412e+00           0.000000e+00           1.079318e-01           3.922395e-01           9.774948e-04           0.000000e+00   
        2.200000e+00           2.500000e-01           1.100000e+00           1.543903e+02           2.006215e+01           8.604468e+00           0.000000e+00           1.110246e-01           3.686844e-01           1.324974e-02           0.000000e+00   
        2.250000e+00           2.500000e-01           1.100000e+00           1.715430e+02           2.314416e+01           8.026146e+00           0.000000e+00           1.144473e-01           3.447794e-01           1.117736e-01           0.000000e+00   
        2.200000e+00           2.500000e-01           1.150000e+00           1.505673e+02           2.019620e+01           8.907150e+00           0.000000e+00           1.080752e-01           3.795846e-01           6.852755e-03           0.000000e+00   
        2.250000e+00           2.500000e-01           1.150000e+00           1.677441e+02           2.330425e+01           8.336464e+00           0.000000e+00           1.112028e-01           3.561619e-01           6.568413e-02           0.000000e+00   
        2.300000e+00           2.500000e-01           1.150000e+00           1.897462e+02           2.700320e+01           7.678317e+00           0.000000e+00           1.159884e-01           3.288981e-01           3.951191e-01           0.000000e+00   
        2.200000e+00           2.500000e-01           1.200000e+00           1.414174e+02           2.041525e+01           9.423541e+00           0.000000e+00           1.016756e-01           3.996915e-01           1.820944e-03           0.000000e+00   
        2.250000e+00           2.500000e-01           1.200000e+00           1.606941e+02           2.355723e+01           8.737290e+00           0.000000e+00           1.067127e-01           3.716035e-01           3.073734e-02           0.000000e+00   
        2.300000e+00           2.500000e-01           1.200000e+00           1.825454e+02           2.716628e+01           8.027523e+00           0.000000e+00           1.105033e-01           3.423738e-01           2.472972e-01           0.000000e+00   
        2.250000e+00           2.500000e-01           1.250000e+00           1.588399e+02           2.367065e+01           8.966993e+00           0.000000e+00           1.041262e-01           3.777532e-01           2.033795e-02           0.000000e+00   
        2.300000e+00           2.500000e-01           1.250000e+00           1.808561e+02           2.729342e+01           8.235885e+00           0.000000e+00           1.087934e-01           3.477980e-01           1.883169e-01           0.000000e+00   
        2.350000e+00           2.500000e-01           1.250000e+00           2.043281e+02           3.130390e+01           7.607966e+00           0.000000e+00           1.138109e-01           3.203733e-01           6.517750e-01           0.000000e+00   
        2.250000e+00           2.500000e-01           1.300000e+00           1.543263e+02           2.374669e+01           9.027742e+00           0.000000e+00           1.025735e-01           3.856500e-01           1.651013e-02           0.000000e+00   
        2.300000e+00           2.500000e-01           1.300000e+00           1.770124e+02           2.742384e+01           8.388295e+00           0.000000e+00           1.069897e-01           3.551446e-01           1.468125e-01           0.000000e+00   
        2.350000e+00           2.500000e-01           1.300000e+00           1.976107e+02           3.158622e+01           7.881417e+00           0.000000e+00           1.092471e-01           3.337583e-01           5.139751e-01           0.000000e+00   
        2.400000e+00           2.500000e-01           1.300000e+00           2.241142e+02           3.596162e+01           7.434156e+00           0.000000e+00           1.130499e-01           3.096977e-01           8.999561e-01           0.000000e+00   
        2.300000e+00           2.500000e-01           1.350000e+00           1.663259e+02           2.778605e+01           8.715699e+00           0.000000e+00           1.025416e-01           3.747706e-01           8.019656e-02           0.000000e+00   
        2.350000e+00           2.500000e-01           1.350000e+00           1.909365e+02           3.188102e+01           8.176199e+00           0.000000e+00           1.055558e-01           3.469572e-01           3.806362e-01           0.000000e+00   
        2.400000e+00           2.500000e-01           1.350000e+00           2.155771e+02           3.627484e+01           7.844597e+00           0.000000e+00           1.066419e-01           3.264578e-01           7.564304e-01           0.000000e+00   
        2.350000e+00           2.500000e-01           1.400000e+00           1.860206e+02           3.209660e+01           8.337539e+00           0.000000e+00           1.033528e-01           3.549332e-01           3.094456e-01           0.000000e+00   
        2.400000e+00           2.500000e-01           1.400000e+00           2.131648e+02           3.650794e+01           8.026243e+00           0.000000e+00           1.041761e-01           3.304732e-01           6.837642e-01           0.000000e+00   
        2.450000e+00           2.500000e-01           1.400000e+00           2.429696e+02           4.137856e+01           7.639302e+00           0.000000e+00           1.075301e-01           3.052305e-01           9.570763e-01           0.000000e+00   
        2.400000e+00           2.500000e-01           1.450000e+00           2.023534e+02           3.698615e+01           8.277636e+00           0.000000e+00           1.009729e-01           3.478959e-01           5.475323e-01           0.000000e+00   
        2.450000e+00           2.500000e-01           1.450000e+00           2.290130e+02           4.167780e+01           8.130700e+00           0.000000e+00           1.002146e-01           3.281708e-01           8.292740e-01           0.000000e+00   
        2.450000e+00           2.500000e-01           1.500000e+00           2.243831e+02           4.188277e+01           8.327333e+00           0.000000e+00           9.814321e-02           3.355207e-01           7.552528e-01           0.000000e+00   
        2.500000e+00           2.500000e-01           1.500000e+00           2.502207e+02           4.752427e+01           8.206210e+00           0.000000e+00           9.666071e-02           3.200810e-01           9.383694e-01           0.000000e+00   
        2.450000e+00           2.500000e-01           1.550000e+00           2.182655e+02           4.217433e+01           8.470634e+00           0.000000e+00           9.626854e-02           3.467195e-01           6.852919e-01           0.000000e+00   
        2.500000e+00           2.500000e-01           1.550000e+00           2.461188e+02           4.762302e+01           8.501301e+00           0.000000e+00           9.422703e-02           3.294969e-01           8.752535e-01           0.000000e+00   
        2.500000e+00           2.500000e-01           1.600000e+00           2.415619e+02           4.773227e+01           8.739221e+00           0.000000e+00           9.192207e-02           3.377657e-01           8.008786e-01           0.000000e+00   
        2.500000e+00           2.500000e-01           1.650000e+00           2.373332e+02           4.791275e+01           8.903166e+00           0.000000e+00           9.036609e-02           3.442861e-01           7.377159e-01           0.000000e+00   
        2.200000e+00           3.000000e-01           1.200000e+00           1.433068e+02           2.541168e+01           7.823111e+00           0.000000e+00           1.092146e-01           3.849633e-01           1.278480e-01           0.000000e+00   
        2.200000e+00           3.000000e-01           1.250000e+00           1.403189e+02           2.554475e+01           8.001127e+00           0.000000e+00           1.069310e-01           3.906544e-01           9.424828e-02           0.000000e+00   
        2.250000e+00           3.000000e-01           1.300000e+00           1.547031e+02           2.954351e+01           7.595344e+00           0.000000e+00           1.082092e-01           3.764302e-01           3.451902e-01           0.000000e+00   
