              log_Mi              initial_q                     Pi                    M1f                    M2f                     Pf                 CaseBB      merge_fraction_NS    disrupt_fraction_NS      merge_fraction_BH    disrupt_fraction_BH   
        1.750000e+00           1.000000e-01           7.500000e-01           5.385845e+01           1.453362e+00           6.996631e+01           1.000000e+00           0.000000e+00           0.000000e+00           0.000000e+00           0.000000e+00   
        1.750000e+00           1.000000e-01           8.000000e-01           5.456705e+01           1.459498e+00           7.206590e+01           1.000000e+00           0.000000e+00           0.000000e+00           0.000000e+00           0.000000e+00   
        2.150000e+00           1.000000e-01           9.500000e-01           1.367967e+02           5.544429e+00           2.720371e+01           0.000000e+00           5.040390e-02           5.368488e-01           0.000000e+00           0.000000e+00   
        2.150000e+00           1.000000e-01           1.000000e+00           1.371341e+02           5.547194e+00           2.763906e+01           0.000000e+00           4.972712e-02           5.387253e-01           0.000000e+00           0.000000e+00   
        2.200000e+00           1.000000e-01           1.000000e+00           1.529259e+02           6.513162e+00           2.456898e+01           0.000000e+00           5.763507e-02           5.033999e-01           0.000000e+00           0.000000e+00   
        2.250000e+00           1.000000e-01           1.000000e+00           1.695126e+02           7.643195e+00           2.174736e+01           0.000000e+00           6.537811e-02           4.661120e-01           0.000000e+00           0.000000e+00   
        2.150000e+00           1.000000e-01           1.050000e+00           1.352021e+02           5.552140e+00           2.855410e+01           0.000000e+00           4.759895e-02           5.490837e-01           0.000000e+00           0.000000e+00   
        2.200000e+00           1.000000e-01           1.050000e+00           1.513028e+02           6.517709e+00           2.531607e+01           0.000000e+00           5.545459e-02           5.080419e-01           0.000000e+00           0.000000e+00   
        2.250000e+00           1.000000e-01           1.050000e+00           1.695261e+02           7.647213e+00           2.224952e+01           0.000000e+00           6.421657e-02           4.697339e-01           0.000000e+00           0.000000e+00   
        2.300000e+00           1.000000e-01           1.050000e+00           1.860468e+02           8.980897e+00           1.929241e+01           0.000000e+00           7.261117e-02           4.338488e-01           0.000000e+00           0.000000e+00   
        2.200000e+00           1.000000e-01           1.100000e+00           1.483941e+02           6.524456e+00           2.630654e+01           0.000000e+00           5.335513e-02           5.192726e-01           0.000000e+00           0.000000e+00   
        2.250000e+00           1.000000e-01           1.100000e+00           1.664252e+02           7.653734e+00           2.320765e+01           0.000000e+00           6.151021e-02           4.796641e-01           0.000000e+00           0.000000e+00   
        2.300000e+00           1.000000e-01           1.100000e+00           1.874057e+02           8.987955e+00           1.990556e+01           0.000000e+00           7.068972e-02           4.371848e-01           0.000000e+00           0.000000e+00   
        2.350000e+00           1.000000e-01           1.100000e+00           1.854671e+02           1.049863e+01           1.580980e+01           0.000000e+00           8.277996e-02           4.054815e-01           0.000000e+00           0.000000e+00   
        2.200000e+00           1.000000e-01           1.150000e+00           1.481702e+02           6.527773e+00           2.674090e+01           0.000000e+00           5.266132e-02           5.214372e-01           0.000000e+00           0.000000e+00   
        2.250000e+00           1.000000e-01           1.150000e+00           1.660035e+02           7.657775e+00           2.362849e+01           0.000000e+00           6.049470e-02           4.854238e-01           0.000000e+00           0.000000e+00   
        2.300000e+00           1.000000e-01           1.150000e+00           1.845192e+02           8.996407e+00           2.081047e+01           0.000000e+00           6.811696e-02           4.476323e-01           0.000000e+00           0.000000e+00   
        2.350000e+00           1.000000e-01           1.150000e+00           2.023968e+02           1.052694e+01           1.753542e+01           0.000000e+00           7.823341e-02           4.060742e-01           0.000000e+00           0.000000e+00   
        2.200000e+00           1.000000e-01           1.200000e+00           1.477104e+02           6.531117e+00           2.725426e+01           0.000000e+00           5.132024e-02           5.270663e-01           0.000000e+00           0.000000e+00   
        2.250000e+00           1.000000e-01           1.200000e+00           1.659055e+02           7.659514e+00           2.406379e+01           0.000000e+00           5.967113e-02           4.880787e-01           0.000000e+00           0.000000e+00   
        2.300000e+00           1.000000e-01           1.200000e+00           1.847878e+02           9.001198e+00           2.120130e+01           0.000000e+00           6.731476e-02           4.493785e-01           0.000000e+00           0.000000e+00   
        2.350000e+00           1.000000e-01           1.200000e+00           2.043398e+02           1.053972e+01           1.851089e+01           0.000000e+00           7.520694e-02           4.139160e-01           0.000000e+00           0.000000e+00   
        2.400000e+00           1.000000e-01           1.200000e+00           2.062087e+02           1.219008e+01           1.532884e+01           0.000000e+00           8.440623e-02           3.856676e-01           0.000000e+00           0.000000e+00   
        2.200000e+00           1.000000e-01           1.250000e+00           1.456124e+02           6.527012e+00           2.663003e+01           0.000000e+00           5.229431e-02           5.252969e-01           0.000000e+00           0.000000e+00   
        2.250000e+00           1.000000e-01           1.250000e+00           1.636518e+02           7.660073e+00           2.383544e+01           0.000000e+00           5.982001e-02           4.880787e-01           0.000000e+00           0.000000e+00   
        2.300000e+00           1.000000e-01           1.250000e+00           1.843987e+02           9.005075e+00           2.169959e+01           0.000000e+00           6.624037e-02           4.546234e-01           0.000000e+00           0.000000e+00   
        2.350000e+00           1.000000e-01           1.250000e+00           2.044408e+02           1.054800e+01           1.908099e+01           0.000000e+00           7.349447e-02           4.176413e-01           0.000000e+00           0.000000e+00   
        2.400000e+00           1.000000e-01           1.250000e+00           2.197862e+02           1.222071e+01           1.659925e+01           0.000000e+00           8.086198e-02           3.862765e-01           0.000000e+00           0.000000e+00   
        2.450000e+00           1.000000e-01           1.250000e+00           2.027051e+02           1.394467e+01           1.360426e+01           0.000000e+00           9.061287e-02           3.735448e-01           0.000000e+00           0.000000e+00   
        2.200000e+00           1.000000e-01           1.300000e+00           1.453391e+02           6.529070e+00           2.680528e+01           0.000000e+00           5.180630e-02           5.276683e-01           0.000000e+00           0.000000e+00   
        2.250000e+00           1.000000e-01           1.300000e+00           1.623465e+02           7.660882e+00           2.408342e+01           0.000000e+00           5.926533e-02           4.910152e-01           0.000000e+00           0.000000e+00   
        2.300000e+00           1.000000e-01           1.300000e+00           1.816213e+02           9.003210e+00           2.149512e+01           0.000000e+00           6.629682e-02           4.551152e-01           0.000000e+00           0.000000e+00   
        2.350000e+00           1.000000e-01           1.300000e+00           2.050782e+02           1.055251e+01           1.946104e+01           0.000000e+00           7.243790e-02           4.199377e-01           0.000000e+00           0.000000e+00   
        2.400000e+00           1.000000e-01           1.300000e+00           2.221503e+02           1.223669e+01           1.745403e+01           0.000000e+00           7.857729e-02           3.933574e-01           0.000000e+00           0.000000e+00   
        2.450000e+00           1.000000e-01           1.300000e+00           2.264939e+02           1.399116e+01           1.527881e+01           0.000000e+00           8.411920e-02           3.722955e-01           0.000000e+00           0.000000e+00   
        2.200000e+00           1.000000e-01           1.350000e+00           1.392990e+02           6.536928e+00           2.824251e+01           0.000000e+00           4.829731e-02           5.427335e-01           0.000000e+00           0.000000e+00   
        2.250000e+00           1.000000e-01           1.350000e+00           1.610530e+02           7.664407e+00           2.455647e+01           0.000000e+00           5.806408e-02           4.961935e-01           0.000000e+00           0.000000e+00   
        2.300000e+00           1.000000e-01           1.350000e+00           1.770893e+02           9.010496e+00           2.237881e+01           0.000000e+00           6.389910e-02           4.672228e-01           0.000000e+00           0.000000e+00   
        2.350000e+00           1.000000e-01           1.350000e+00           2.010211e+02           1.055487e+01           1.962394e+01           0.000000e+00           7.154450e-02           4.258171e-01           0.000000e+00           0.000000e+00   
        2.400000e+00           1.000000e-01           1.350000e+00           2.238975e+02           1.224646e+01           1.797003e+01           0.000000e+00           7.697753e-02           3.959460e-01           0.000000e+00           0.000000e+00   
        2.450000e+00           1.000000e-01           1.350000e+00           2.376556e+02           1.402479e+01           1.638831e+01           0.000000e+00           8.052808e-02           3.740027e-01           0.000000e+00           0.000000e+00   
        2.500000e+00           1.000000e-01           1.350000e+00           2.288318e+02           1.598695e+01           1.408272e+01           0.000000e+00           8.775311e-02           3.600373e-01           0.000000e+00           0.000000e+00   
        2.200000e+00           1.000000e-01           1.400000e+00           1.374941e+02           6.536965e+00           2.815519e+01           0.000000e+00           4.815968e-02           5.450429e-01           0.000000e+00           0.000000e+00   
        2.250000e+00           1.000000e-01           1.400000e+00           1.562920e+02           7.670525e+00           2.562515e+01           0.000000e+00           5.489753e-02           5.068923e-01           0.000000e+00           0.000000e+00   
        2.300000e+00           1.000000e-01           1.400000e+00           1.760078e+02           9.012958e+00           2.272259e+01           0.000000e+00           6.318368e-02           4.687672e-01           0.000000e+00           0.000000e+00   
        2.350000e+00           1.000000e-01           1.400000e+00           1.976951e+02           1.056210e+01           2.026297e+01           0.000000e+00           6.983291e-02           4.333352e-01           0.000000e+00           0.000000e+00   
        2.400000e+00           1.000000e-01           1.400000e+00           2.209852e+02           1.225046e+01           1.817602e+01           0.000000e+00           7.652121e-02           3.993951e-01           0.000000e+00           0.000000e+00   
        2.450000e+00           1.000000e-01           1.400000e+00           2.428436e+02           1.404191e+01           1.702604e+01           0.000000e+00           7.882027e-02           3.763406e-01           0.000000e+00           0.000000e+00   
        2.500000e+00           1.000000e-01           1.400000e+00           2.471153e+02           1.601311e+01           1.545328e+01           0.000000e+00           8.268734e-02           3.616530e-01           0.000000e+00           0.000000e+00   
        2.200000e+00           1.000000e-01           1.450000e+00           1.357112e+02           6.532793e+00           2.739272e+01           0.000000e+00           4.938971e-02           5.417640e-01           0.000000e+00           0.000000e+00   
        2.250000e+00           1.000000e-01           1.450000e+00           1.548953e+02           7.671165e+00           2.561558e+01           0.000000e+00           5.472427e-02           5.088696e-01           0.000000e+00           0.000000e+00   
        2.300000e+00           1.000000e-01           1.450000e+00           1.752597e+02           9.016820e+00           2.299881e+01           0.000000e+00           6.241745e-02           4.720542e-01           0.000000e+00           0.000000e+00   
        2.350000e+00           1.000000e-01           1.450000e+00           1.972095e+02           1.056532e+01           2.063406e+01           0.000000e+00           6.848786e-02           4.372888e-01           0.000000e+00           0.000000e+00   
        2.400000e+00           1.000000e-01           1.450000e+00           2.199001e+02           1.225844e+01           1.870396e+01           0.000000e+00           7.457963e-02           4.054815e-01           0.000000e+00           0.000000e+00   
        2.450000e+00           1.000000e-01           1.450000e+00           2.448813e+02           1.405659e+01           1.751823e+01           0.000000e+00           7.767505e-02           3.783459e-01           0.000000e+00           0.000000e+00   
        2.500000e+00           1.000000e-01           1.450000e+00           2.585231e+02           1.603054e+01           1.628979e+01           0.000000e+00           7.990192e-02           3.622689e-01           0.000000e+00           0.000000e+00   
        2.250000e+00           1.000000e-01           1.500000e+00           1.521973e+02           7.665062e+00           2.459532e+01           0.000000e+00           5.665096e-02           5.063112e-01           0.000000e+00           0.000000e+00   
        2.300000e+00           1.000000e-01           1.500000e+00           1.743877e+02           9.017339e+00           2.318051e+01           0.000000e+00           6.178659e-02           4.761114e-01           0.000000e+00           0.000000e+00   
        2.350000e+00           1.000000e-01           1.500000e+00           1.955268e+02           1.056912e+01           2.082718e+01           0.000000e+00           6.804190e-02           4.409552e-01           0.000000e+00           0.000000e+00   
        2.400000e+00           1.000000e-01           1.500000e+00           2.165236e+02           1.226264e+01           1.899406e+01           0.000000e+00           7.370547e-02           4.091955e-01           0.000000e+00           0.000000e+00   
        2.450000e+00           1.000000e-01           1.500000e+00           2.436214e+02           1.405975e+01           1.778911e+01           0.000000e+00           7.706285e-02           3.839191e-01           0.000000e+00           0.000000e+00   
        2.500000e+00           1.000000e-01           1.500000e+00           2.643692e+02           1.604821e+01           1.686209e+01           0.000000e+00           7.866521e-02           3.637024e-01           0.000000e+00           0.000000e+00   
        2.300000e+00           1.000000e-01           1.550000e+00           1.689590e+02           9.015381e+00           2.277646e+01           0.000000e+00           6.229734e-02           4.773432e-01           0.000000e+00           0.000000e+00   
        2.350000e+00           1.000000e-01           1.550000e+00           1.904329e+02           1.056953e+01           2.089929e+01           0.000000e+00           6.745548e-02           4.458748e-01           0.000000e+00           0.000000e+00   
        2.400000e+00           1.000000e-01           1.550000e+00           2.119105e+02           1.227196e+01           1.961213e+01           0.000000e+00           7.117186e-02           4.187361e-01           0.000000e+00           0.000000e+00   
        2.450000e+00           1.000000e-01           1.550000e+00           2.375959e+02           1.407127e+01           1.856207e+01           0.000000e+00           7.489090e-02           3.942837e-01           0.000000e+00           0.000000e+00   
        2.500000e+00           1.000000e-01           1.550000e+00           2.654088e+02           1.607324e+01           1.738515e+01           0.000000e+00           7.729104e-02           3.672699e-01           0.000000e+00           0.000000e+00   
        2.300000e+00           1.000000e-01           1.600000e+00           1.655403e+02           9.013809e+00           2.265192e+01           0.000000e+00           6.199878e-02           4.796641e-01           0.000000e+00           0.000000e+00   
        2.350000e+00           1.000000e-01           1.600000e+00           1.858145e+02           1.057272e+01           2.121039e+01           0.000000e+00           6.663570e-02           4.505616e-01           0.000000e+00           0.000000e+00   
        2.400000e+00           1.000000e-01           1.600000e+00           2.102362e+02           1.227412e+01           1.976527e+01           0.000000e+00           7.079463e-02           4.240480e-01           0.000000e+00           0.000000e+00   
        2.450000e+00           1.000000e-01           1.600000e+00           2.358394e+02           1.407822e+01           1.889876e+01           0.000000e+00           7.374851e-02           3.976799e-01           0.000000e+00           0.000000e+00   
        2.500000e+00           1.000000e-01           1.600000e+00           2.638921e+02           1.607420e+01           1.775375e+01           0.000000e+00           7.638083e-02           3.716796e-01           0.000000e+00           0.000000e+00   
        2.350000e+00           1.000000e-01           1.650000e+00           1.838922e+02           1.057311e+01           2.118579e+01           0.000000e+00           6.662055e-02           4.544581e-01           0.000000e+00           0.000000e+00   
        2.400000e+00           1.000000e-01           1.650000e+00           2.081071e+02           1.227517e+01           1.992742e+01           0.000000e+00           7.018089e-02           4.262594e-01           0.000000e+00           0.000000e+00   
        2.450000e+00           1.000000e-01           1.650000e+00           2.328583e+02           1.408430e+01           1.926806e+01           0.000000e+00           7.265038e-02           4.029053e-01           0.000000e+00           0.000000e+00   
        2.500000e+00           1.000000e-01           1.650000e+00           2.579428e+02           1.608778e+01           1.833299e+01           0.000000e+00           7.492436e-02           3.795269e-01           0.000000e+00           0.000000e+00   
        2.350000e+00           1.000000e-01           1.700000e+00           1.814431e+02           1.056793e+01           2.068178e+01           0.000000e+00           6.756276e-02           4.517934e-01           0.000000e+00           0.000000e+00   
        2.400000e+00           1.000000e-01           1.700000e+00           2.049747e+02           1.227417e+01           1.983206e+01           0.000000e+00           7.028362e-02           4.271857e-01           0.000000e+00           0.000000e+00   
        2.450000e+00           1.000000e-01           1.700000e+00           2.294885e+02           1.408708e+01           1.948319e+01           0.000000e+00           7.188004e-02           4.079939e-01           0.000000e+00           0.000000e+00   
        2.500000e+00           1.000000e-01           1.700000e+00           2.547228e+02           1.610031e+01           1.868460e+01           0.000000e+00           7.392786e-02           3.850864e-01           0.000000e+00           0.000000e+00   
        2.350000e+00           1.000000e-01           1.750000e+00           1.801147e+02           1.056503e+01           2.038861e+01           0.000000e+00           6.803433e-02           4.499597e-01           0.000000e+00           0.000000e+00   
        2.400000e+00           1.000000e-01           1.750000e+00           2.010484e+02           1.228131e+01           2.036746e+01           0.000000e+00           6.867563e-02           4.347478e-01           0.000000e+00           0.000000e+00   
        2.450000e+00           1.000000e-01           1.750000e+00           2.242734e+02           1.408797e+01           1.951141e+01           0.000000e+00           7.147741e-02           4.110145e-01           0.000000e+00           0.000000e+00   
        2.500000e+00           1.000000e-01           1.750000e+00           2.517096e+02           1.610563e+01           1.894742e+01           0.000000e+00           7.294670e-02           3.875896e-01           0.000000e+00           0.000000e+00   
        2.400000e+00           1.000000e-01           1.800000e+00           1.978027e+02           1.227495e+01           1.978472e+01           0.000000e+00           6.989050e-02           4.321613e-01           0.000000e+00           0.000000e+00   
        2.450000e+00           1.000000e-01           1.800000e+00           2.216802e+02           1.409056e+01           1.956901e+01           0.000000e+00           7.096569e-02           4.143212e-01           0.000000e+00           0.000000e+00   
        2.500000e+00           1.000000e-01           1.800000e+00           2.478587e+02           1.610580e+01           1.900719e+01           0.000000e+00           7.265067e-02           3.948512e-01           0.000000e+00           0.000000e+00   
        2.400000e+00           1.000000e-01           1.850000e+00           1.956281e+02           1.227101e+01           1.948431e+01           0.000000e+00           7.047476e-02           4.321613e-01           0.000000e+00           0.000000e+00   
        2.450000e+00           1.000000e-01           1.850000e+00           2.196573e+02           1.409330e+01           1.963846e+01           0.000000e+00           7.050551e-02           4.160417e-01           0.000000e+00           0.000000e+00   
        2.500000e+00           1.000000e-01           1.850000e+00           2.459956e+02           1.611301e+01           1.942529e+01           0.000000e+00           7.168203e-02           3.982725e-01           0.000000e+00           0.000000e+00   
        2.450000e+00           1.000000e-01           1.900000e+00           2.157133e+02           1.409649e+01           1.991445e+01           0.000000e+00           6.959557e-02           4.239787e-01           0.000000e+00           0.000000e+00   
        2.500000e+00           1.000000e-01           1.900000e+00           2.417879e+02           1.610986e+01           1.970205e+01           0.000000e+00           7.058410e-02           4.036965e-01           0.000000e+00           0.000000e+00   
        2.450000e+00           1.000000e-01           1.950000e+00           2.137425e+02           1.409276e+01           1.984014e+01           0.000000e+00           6.975385e-02           4.262594e-01           0.000000e+00           0.000000e+00   
        2.500000e+00           1.000000e-01           1.950000e+00           2.382353e+02           1.612230e+01           1.994085e+01           0.000000e+00           6.964820e-02           4.074013e-01           0.000000e+00           0.000000e+00   
        2.450000e+00           1.000000e-01           2.000000e+00           2.068747e+02           1.408873e+01           1.952130e+01           0.000000e+00           7.036639e-02           4.267706e-01           0.000000e+00           0.000000e+00   
        2.500000e+00           1.000000e-01           2.000000e+00           2.353870e+02           1.612345e+01           2.001607e+01           0.000000e+00           6.934634e-02           4.091761e-01           0.000000e+00           0.000000e+00   
        2.500000e+00           1.000000e-01           2.050000e+00           2.326131e+02           1.612239e+01           1.990913e+01           0.000000e+00           6.931463e-02           4.113817e-01           0.000000e+00           0.000000e+00   
        2.500000e+00           1.000000e-01           2.100000e+00           2.293900e+02           1.612697e+01           2.030763e+01           0.000000e+00           6.826658e-02           4.168960e-01           0.000000e+00           0.000000e+00   
        1.700000e+00           1.500000e-01           7.500000e-01           4.896369e+01           2.049626e+00           4.605919e+01           1.000000e+00           0.000000e+00           0.000000e+00           0.000000e+00           0.000000e+00   
        1.750000e+00           1.500000e-01           7.500000e-01           5.485341e+01           2.584655e+00           3.329448e+01           1.000000e+00           0.000000e+00           0.000000e+00           0.000000e+00           0.000000e+00   
        1.750000e+00           1.500000e-01           8.000000e-01           5.511198e+01           2.592102e+00           3.467281e+01           1.000000e+00           0.000000e+00           0.000000e+00           0.000000e+00           0.000000e+00   
        1.750000e+00           1.500000e-01           8.500000e-01           5.673338e+01           2.593268e+00           3.480812e+01           1.000000e+00           0.000000e+00           0.000000e+00           0.000000e+00           0.000000e+00   
        2.150000e+00           1.500000e-01           9.500000e-01           1.388782e+02           9.680039e+00           1.317086e+01           0.000000e+00           9.032666e-02           4.267706e-01           0.000000e+00           0.000000e+00   
        2.150000e+00           1.500000e-01           1.000000e+00           1.396605e+02           9.690416e+00           1.357628e+01           0.000000e+00           8.834015e-02           4.285261e-01           0.000000e+00           0.000000e+00   
        2.200000e+00           1.500000e-01           1.000000e+00           1.535882e+02           1.128931e+01           1.229674e+01           0.000000e+00           9.584765e-02           4.007086e-01           0.000000e+00           0.000000e+00   
        2.150000e+00           1.500000e-01           1.050000e+00           1.401895e+02           9.698109e+00           1.396247e+01           0.000000e+00           8.636865e-02           4.323839e-01           0.000000e+00           0.000000e+00   
        2.200000e+00           1.500000e-01           1.050000e+00           1.548826e+02           1.130206e+01           1.268867e+01           0.000000e+00           9.372719e-02           4.046544e-01           0.000000e+00           0.000000e+00   
        2.250000e+00           1.500000e-01           1.050000e+00           1.671469e+02           1.302590e+01           1.175359e+01           0.000000e+00           9.828537e-02           3.850864e-01           0.000000e+00           0.000000e+00   
        2.150000e+00           1.500000e-01           1.100000e+00           1.405864e+02           9.706374e+00           1.433545e+01           0.000000e+00           8.508755e-02           4.376845e-01           0.000000e+00           0.000000e+00   
        2.200000e+00           1.500000e-01           1.100000e+00           1.556827e+02           1.131031e+01           1.305249e+01           0.000000e+00           9.166795e-02           4.074013e-01           0.000000e+00           0.000000e+00   
        2.250000e+00           1.500000e-01           1.100000e+00           1.709737e+02           1.304046e+01           1.220968e+01           0.000000e+00           9.603874e-02           3.852732e-01           0.000000e+00           0.000000e+00   
        2.300000e+00           1.500000e-01           1.100000e+00           1.793871e+02           1.488428e+01           1.150696e+01           0.000000e+00           9.855393e-02           3.704839e-01           0.000000e+00           0.000000e+00   
        2.350000e+00           1.500000e-01           1.100000e+00           1.795143e+02           1.676638e+01           1.092838e+01           0.000000e+00           1.000143e-01           3.670096e-01           0.000000e+00           0.000000e+00   
        2.150000e+00           1.500000e-01           1.150000e+00           1.403060e+02           9.713983e+00           1.476983e+01           0.000000e+00           8.320350e-02           4.428302e-01           0.000000e+00           0.000000e+00   
        2.200000e+00           1.500000e-01           1.150000e+00           1.561083e+02           1.131919e+01           1.340946e+01           0.000000e+00           8.968118e-02           4.119906e-01           0.000000e+00           0.000000e+00   
        2.250000e+00           1.500000e-01           1.150000e+00           1.722251e+02           1.304498e+01           1.258606e+01           0.000000e+00           9.419767e-02           3.867859e-01           0.000000e+00           0.000000e+00   
        2.300000e+00           1.500000e-01           1.150000e+00           1.862356e+02           1.492614e+01           1.198576e+01           0.000000e+00           9.658516e-02           3.698750e-01           0.000000e+00           0.000000e+00   
        2.350000e+00           1.500000e-01           1.150000e+00           1.920399e+02           1.688698e+01           1.154335e+01           0.000000e+00           9.714052e-02           3.649105e-01           0.000000e+00           0.000000e+00   
        2.400000e+00           1.500000e-01           1.150000e+00           1.919926e+02           1.914750e+01           1.074082e+01           0.000000e+00           9.963410e-02           3.586038e-01           0.000000e+00           0.000000e+00   
        2.200000e+00           1.500000e-01           1.200000e+00           1.505179e+02           1.134151e+01           1.439243e+01           0.000000e+00           8.442400e-02           4.279241e-01           0.000000e+00           0.000000e+00   
        2.250000e+00           1.500000e-01           1.200000e+00           1.719019e+02           1.305874e+01           1.301483e+01           0.000000e+00           9.171774e-02           3.954545e-01           0.000000e+00           0.000000e+00   
        2.300000e+00           1.500000e-01           1.200000e+00           1.894679e+02           1.494201e+01           1.238505e+01           0.000000e+00           9.453443e-02           3.740127e-01           0.000000e+00           0.000000e+00   
        2.350000e+00           1.500000e-01           1.200000e+00           2.004404e+02           1.697515e+01           1.196136e+01           0.000000e+00           9.571447e-02           3.614935e-01           0.000000e+00           0.000000e+00   
        2.400000e+00           1.500000e-01           1.200000e+00           2.054823e+02           1.927281e+01           1.139240e+01           0.000000e+00           9.645419e-02           3.563751e-01           0.000000e+00           0.000000e+00   
        2.450000e+00           1.500000e-01           1.200000e+00           2.048571e+02           2.200204e+01           1.035640e+01           0.000000e+00           1.002841e-01           3.473587e-01           1.937550e-03           0.000000e+00   
        2.200000e+00           1.500000e-01           1.250000e+00           1.499739e+02           1.135197e+01           1.476469e+01           0.000000e+00           8.313385e-02           4.345818e-01           0.000000e+00           0.000000e+00   
        2.250000e+00           1.500000e-01           1.250000e+00           1.677472e+02           1.307238e+01           1.378047e+01           0.000000e+00           8.759148e-02           4.074392e-01           0.000000e+00           0.000000e+00   
        2.300000e+00           1.500000e-01           1.250000e+00           1.887137e+02           1.495775e+01           1.286589e+01           0.000000e+00           9.236724e-02           3.790893e-01           0.000000e+00           0.000000e+00   
        2.350000e+00           1.500000e-01           1.250000e+00           2.054886e+02           1.703834e+01           1.231056e+01           0.000000e+00           9.422525e-02           3.603779e-01           0.000000e+00           0.000000e+00   
        2.400000e+00           1.500000e-01           1.250000e+00           2.148432e+02           1.935568e+01           1.187005e+01           0.000000e+00           9.445244e-02           3.518189e-01           0.000000e+00           0.000000e+00   
        2.450000e+00           1.500000e-01           1.250000e+00           2.191096e+02           2.215869e+01           1.101713e+01           0.000000e+00           9.679733e-02           3.435842e-01           4.518999e-04           0.000000e+00   
        2.200000e+00           1.500000e-01           1.300000e+00           1.495485e+02           1.136176e+01           1.511806e+01           0.000000e+00           8.185943e-02           4.388201e-01           0.000000e+00           0.000000e+00   
        2.250000e+00           1.500000e-01           1.300000e+00           1.672844e+02           1.308492e+01           1.415774e+01           0.000000e+00           8.574745e-02           4.119906e-01           0.000000e+00           0.000000e+00   
        2.300000e+00           1.500000e-01           1.300000e+00           1.862024e+02           1.496658e+01           1.347054e+01           0.000000e+00           8.905859e-02           3.871102e-01           0.000000e+00           0.000000e+00   
        2.350000e+00           1.500000e-01           1.300000e+00           2.065854e+02           1.709219e+01           1.271057e+01           0.000000e+00           9.207882e-02           3.649105e-01           0.000000e+00           0.000000e+00   
        2.400000e+00           1.500000e-01           1.300000e+00           2.209109e+02           1.942223e+01           1.225755e+01           0.000000e+00           9.279139e-02           3.503570e-01           0.000000e+00           0.000000e+00   
        2.450000e+00           1.500000e-01           1.300000e+00           2.290446e+02           2.228817e+01           1.148884e+01           0.000000e+00           9.450793e-02           3.404540e-01           0.000000e+00           0.000000e+00   
        2.500000e+00           1.500000e-01           1.300000e+00           2.330801e+02           2.562090e+01           1.050890e+01           0.000000e+00           9.778906e-02           3.303815e-01           8.782205e-03           0.000000e+00   
        2.200000e+00           1.500000e-01           1.350000e+00           1.477063e+02           1.136172e+01           1.509218e+01           0.000000e+00           8.180433e-02           4.400592e-01           0.000000e+00           0.000000e+00   
        2.250000e+00           1.500000e-01           1.350000e+00           1.654187e+02           1.308977e+01           1.422546e+01           0.000000e+00           8.533663e-02           4.154086e-01           0.000000e+00           0.000000e+00   
        2.300000e+00           1.500000e-01           1.350000e+00           1.862106e+02           1.497416e+01           1.382338e+01           0.000000e+00           8.727064e-02           3.936851e-01           0.000000e+00           0.000000e+00   
        2.350000e+00           1.500000e-01           1.350000e+00           2.050121e+02           1.712313e+01           1.322411e+01           0.000000e+00           8.975381e-02           3.748001e-01           0.000000e+00           0.000000e+00   
        2.400000e+00           1.500000e-01           1.350000e+00           2.224359e+02           1.951474e+01           1.271186e+01           0.000000e+00           9.098087e-02           3.576983e-01           0.000000e+00           0.000000e+00   
        2.450000e+00           1.500000e-01           1.350000e+00           2.363713e+02           2.237104e+01           1.188929e+01           0.000000e+00           9.279084e-02           3.399204e-01           0.000000e+00           0.000000e+00   
        2.500000e+00           1.500000e-01           1.350000e+00           2.430329e+02           2.579254e+01           1.103837e+01           0.000000e+00           9.486248e-02           3.303815e-01           3.836163e-03           0.000000e+00   
        2.200000e+00           1.500000e-01           1.400000e+00           1.403163e+02           1.138636e+01           1.618119e+01           0.000000e+00           7.627399e-02           4.596400e-01           0.000000e+00           0.000000e+00   
        2.250000e+00           1.500000e-01           1.400000e+00           1.627539e+02           1.310345e+01           1.471299e+01           0.000000e+00           8.329176e-02           4.238826e-01           0.000000e+00           0.000000e+00   
        2.300000e+00           1.500000e-01           1.400000e+00           1.835138e+02           1.498373e+01           1.402100e+01           0.000000e+00           8.610134e-02           3.987149e-01           0.000000e+00           0.000000e+00   
        2.350000e+00           1.500000e-01           1.400000e+00           2.063045e+02           1.712839e+01           1.348733e+01           0.000000e+00           8.854172e-02           3.760087e-01           0.000000e+00           0.000000e+00   
        2.400000e+00           1.500000e-01           1.400000e+00           2.250336e+02           1.956172e+01           1.295548e+01           0.000000e+00           9.002565e-02           3.576983e-01           0.000000e+00           0.000000e+00   
        2.450000e+00           1.500000e-01           1.400000e+00           2.408774e+02           2.244811e+01           1.224976e+01           0.000000e+00           9.113564e-02           3.410629e-01           0.000000e+00           0.000000e+00   
        2.500000e+00           1.500000e-01           1.400000e+00           2.517563e+02           2.588460e+01           1.140446e+01           0.000000e+00           9.293564e-02           3.292624e-01           2.102311e-03           0.000000e+00   
        2.200000e+00           1.500000e-01           1.450000e+00           1.387709e+02           1.139310e+01           1.654071e+01           0.000000e+00           7.465173e-02           4.678059e-01           0.000000e+00           0.000000e+00   
        2.250000e+00           1.500000e-01           1.450000e+00           1.575770e+02           1.313299e+01           1.552513e+01           0.000000e+00           7.977358e-02           4.378945e-01           0.000000e+00           0.000000e+00   
        2.300000e+00           1.500000e-01           1.450000e+00           1.777040e+02           1.500082e+01           1.481600e+01           0.000000e+00           8.267481e-02           4.119867e-01           0.000000e+00           0.000000e+00   
        2.350000e+00           1.500000e-01           1.450000e+00           1.995188e+02           1.714377e+01           1.410700e+01           0.000000e+00           8.502225e-02           3.871102e-01           0.000000e+00           0.000000e+00   
        2.400000e+00           1.500000e-01           1.450000e+00           2.260575e+02           1.960885e+01           1.321982e+01           0.000000e+00           8.892312e-02           3.591554e-01           0.000000e+00           0.000000e+00   
        2.450000e+00           1.500000e-01           1.450000e+00           2.447422e+02           2.250097e+01           1.251413e+01           0.000000e+00           9.009807e-02           3.422323e-01           0.000000e+00           0.000000e+00   
        2.500000e+00           1.500000e-01           1.450000e+00           2.595750e+02           2.593844e+01           1.168271e+01           0.000000e+00           9.161803e-02           3.273457e-01           1.376210e-03           0.000000e+00   
        2.250000e+00           1.500000e-01           1.500000e+00           1.557671e+02           1.314208e+01           1.578384e+01           0.000000e+00           7.865662e-02           4.406108e-01           0.000000e+00           0.000000e+00   
        2.300000e+00           1.500000e-01           1.500000e+00           1.767272e+02           1.501026e+01           1.517852e+01           0.000000e+00           8.158635e-02           4.164788e-01           0.000000e+00           0.000000e+00   
        2.350000e+00           1.500000e-01           1.500000e+00           1.988103e+02           1.715258e+01           1.448464e+01           0.000000e+00           8.335392e-02           3.930715e-01           0.000000e+00           0.000000e+00   
        2.400000e+00           1.500000e-01           1.500000e+00           2.233537e+02           1.962725e+01           1.350692e+01           0.000000e+00           8.738995e-02           3.657196e-01           0.000000e+00           0.000000e+00   
        2.450000e+00           1.500000e-01           1.500000e+00           2.464117e+02           2.255543e+01           1.277593e+01           0.000000e+00           8.910975e-02           3.454296e-01           0.000000e+00           0.000000e+00   
        2.500000e+00           1.500000e-01           1.500000e+00           2.645883e+02           2.600197e+01           1.195617e+01           0.000000e+00           9.032523e-02           3.279546e-01           6.975372e-04           0.000000e+00   
        2.250000e+00           1.500000e-01           1.550000e+00           1.460628e+02           1.314892e+01           1.598901e+01           0.000000e+00           7.638564e-02           4.570870e-01           0.000000e+00           0.000000e+00   
        2.300000e+00           1.500000e-01           1.550000e+00           1.717529e+02           1.501652e+01           1.536975e+01           0.000000e+00           8.036410e-02           4.250431e-01           0.000000e+00           0.000000e+00   
        2.350000e+00           1.500000e-01           1.550000e+00           1.951516e+02           1.716147e+01           1.470554e+01           0.000000e+00           8.230743e-02           3.989724e-01           0.000000e+00           0.000000e+00   
        2.400000e+00           1.500000e-01           1.550000e+00           2.179504e+02           1.965746e+01           1.404860e+01           0.000000e+00           8.459301e-02           3.764505e-01           0.000000e+00           0.000000e+00   
        2.450000e+00           1.500000e-01           1.550000e+00           2.442889e+02           2.260916e+01           1.305515e+01           0.000000e+00           8.792588e-02           3.485326e-01           0.000000e+00           0.000000e+00   
        2.500000e+00           1.500000e-01           1.550000e+00           2.664831e+02           2.606167e+01           1.226580e+01           0.000000e+00           8.912136e-02           3.292624e-01           2.268816e-04           0.000000e+00   
        2.300000e+00           1.500000e-01           1.600000e+00           1.650689e+02           1.504638e+01           1.595246e+01           0.000000e+00           7.772175e-02           4.383717e-01           0.000000e+00           0.000000e+00   
        2.350000e+00           1.500000e-01           1.600000e+00           1.885813e+02           1.717451e+01           1.544152e+01           0.000000e+00           7.990740e-02           4.127387e-01           0.000000e+00           0.000000e+00   
        2.400000e+00           1.500000e-01           1.600000e+00           2.130084e+02           1.967221e+01           1.466862e+01           0.000000e+00           8.171003e-02           3.871102e-01           0.000000e+00           0.000000e+00   
        2.450000e+00           1.500000e-01           1.600000e+00           2.419338e+02           2.264959e+01           1.349589e+01           0.000000e+00           8.592911e-02           3.576983e-01           0.000000e+00           0.000000e+00   
        2.500000e+00           1.500000e-01           1.600000e+00           2.665297e+02           2.611800e+01           1.253514e+01           0.000000e+00           8.813040e-02           3.303815e-01           0.000000e+00           0.000000e+00   
        2.300000e+00           1.500000e-01           1.650000e+00           1.586523e+02           1.505357e+01           1.620467e+01           0.000000e+00           7.579018e-02           4.477351e-01           0.000000e+00           0.000000e+00   
        2.350000e+00           1.500000e-01           1.650000e+00           1.852286e+02           1.718825e+01           1.576708e+01           0.000000e+00           7.845793e-02           4.185810e-01           0.000000e+00           0.000000e+00   
        2.400000e+00           1.500000e-01           1.650000e+00           2.098394e+02           1.968286e+01           1.505939e+01           0.000000e+00           8.020060e-02           3.945791e-01           0.000000e+00           0.000000e+00   
        2.450000e+00           1.500000e-01           1.650000e+00           2.351985e+02           2.267657e+01           1.415684e+01           0.000000e+00           8.284036e-02           3.675155e-01           0.000000e+00           0.000000e+00   
        2.500000e+00           1.500000e-01           1.650000e+00           2.647809e+02           2.615902e+01           1.287710e+01           0.000000e+00           8.677145e-02           3.372753e-01           0.000000e+00           0.000000e+00   
        2.350000e+00           1.500000e-01           1.700000e+00           1.798860e+02           1.720037e+01           1.623790e+01           0.000000e+00           7.636951e-02           4.285619e-01           0.000000e+00           0.000000e+00   
        2.400000e+00           1.500000e-01           1.700000e+00           2.049845e+02           1.969588e+01           1.557874e+01           0.000000e+00           7.875730e-02           4.027555e-01           0.000000e+00           0.000000e+00   
        2.450000e+00           1.500000e-01           1.700000e+00           2.306284e+02           2.268979e+01           1.464157e+01           0.000000e+00           8.071912e-02           3.779468e-01           0.000000e+00           0.000000e+00   
        2.500000e+00           1.500000e-01           1.700000e+00           2.563455e+02           2.619198e+01           1.356188e+01           0.000000e+00           8.369850e-02           3.499945e-01           0.000000e+00           0.000000e+00   
        2.350000e+00           1.500000e-01           1.750000e+00           1.738823e+02           1.721736e+01           1.677165e+01           0.000000e+00           7.376066e-02           4.395160e-01           0.000000e+00           0.000000e+00   
        2.400000e+00           1.500000e-01           1.750000e+00           1.995997e+02           1.970765e+01           1.586929e+01           0.000000e+00           7.738298e-02           4.104927e-01           0.000000e+00           0.000000e+00   
        2.450000e+00           1.500000e-01           1.750000e+00           2.244932e+02           2.269904e+01           1.500150e+01           0.000000e+00           7.929929e-02           3.867992e-01           0.000000e+00           0.000000e+00   
        2.500000e+00           1.500000e-01           1.750000e+00           2.517939e+02           2.619788e+01           1.404677e+01           0.000000e+00           8.170164e-02           3.595038e-01           0.000000e+00           0.000000e+00   
        2.350000e+00           1.500000e-01           1.800000e+00           1.692647e+02           1.721287e+01           1.652748e+01           0.000000e+00           7.428585e-02           4.424468e-01           0.000000e+00           0.000000e+00   
        2.400000e+00           1.500000e-01           1.800000e+00           1.950053e+02           1.972138e+01           1.627429e+01           0.000000e+00           7.590461e-02           4.191737e-01           0.000000e+00           0.000000e+00   
        2.450000e+00           1.500000e-01           1.800000e+00           2.217366e+02           2.270879e+01           1.530175e+01           0.000000e+00           7.830799e-02           3.915577e-01           0.000000e+00           0.000000e+00   
        2.500000e+00           1.500000e-01           1.800000e+00           2.470973e+02           2.620204e+01           1.443413e+01           0.000000e+00           7.985314e-02           3.678601e-01           0.000000e+00           0.000000e+00   
        2.400000e+00           1.500000e-01           1.850000e+00           1.906215e+02           1.973625e+01           1.664965e+01           0.000000e+00           7.398171e-02           4.272523e-01           0.000000e+00           0.000000e+00   
        2.450000e+00           1.500000e-01           1.850000e+00           2.176924e+02           2.272458e+01           1.575091e+01           0.000000e+00           7.679231e-02           3.979636e-01           0.000000e+00           0.000000e+00   
        2.500000e+00           1.500000e-01           1.850000e+00           2.437676e+02           2.620711e+01           1.490085e+01           0.000000e+00           7.816459e-02           3.756148e-01           0.000000e+00           0.000000e+00   
        2.400000e+00           1.500000e-01           1.900000e+00           1.861475e+02           1.974748e+01           1.698875e+01           0.000000e+00           7.270059e-02           4.353779e-01           0.000000e+00           0.000000e+00   
        2.450000e+00           1.500000e-01           1.900000e+00           2.126519e+02           2.274288e+01           1.624308e+01           0.000000e+00           7.527682e-02           4.087132e-01           0.000000e+00           0.000000e+00   
        2.500000e+00           1.500000e-01           1.900000e+00           2.391651e+02           2.622164e+01           1.534150e+01           0.000000e+00           7.675681e-02           3.831666e-01           0.000000e+00           0.000000e+00   
        2.450000e+00           1.500000e-01           1.950000e+00           2.095062e+02           2.275455e+01           1.649775e+01           0.000000e+00           7.422310e-02           4.142334e-01           0.000000e+00           0.000000e+00   
        2.500000e+00           1.500000e-01           1.950000e+00           2.357126e+02           2.622854e+01           1.552598e+01           0.000000e+00           7.621214e-02           3.877589e-01           0.000000e+00           0.000000e+00   
        2.450000e+00           1.500000e-01           2.000000e+00           2.051661e+02           2.276244e+01           1.665671e+01           0.000000e+00           7.314367e-02           4.191737e-01           0.000000e+00           0.000000e+00   
        2.500000e+00           1.500000e-01           2.000000e+00           2.338563e+02           2.623771e+01           1.582657e+01           0.000000e+00           7.528629e-02           3.930307e-01           0.000000e+00           0.000000e+00   
        2.500000e+00           1.500000e-01           2.050000e+00           2.298043e+02           2.625526e+01           1.620438e+01           0.000000e+00           7.399557e-02           3.980772e-01           0.000000e+00           0.000000e+00   
        2.500000e+00           1.500000e-01           2.100000e+00           2.266043e+02           2.627432e+01           1.665217e+01           0.000000e+00           7.282072e-02           4.065571e-01           0.000000e+00           0.000000e+00   
        1.750000e+00           2.000000e-01           8.000000e-01           5.557640e+01           3.903378e+00           2.121952e+01           0.000000e+00           4.118885e-02           6.492884e-01           0.000000e+00           0.000000e+00   
        1.750000e+00           2.000000e-01           8.500000e-01           5.842518e+01           3.908510e+00           2.063363e+01           0.000000e+00           4.398147e-02           6.355659e-01           0.000000e+00           0.000000e+00   
        2.150000e+00           2.000000e-01           1.000000e+00           1.401720e+02           1.364962e+01           1.006916e+01           0.000000e+00           1.048578e-01           3.945791e-01           0.000000e+00           0.000000e+00   
        2.150000e+00           2.000000e-01           1.050000e+00           1.407634e+02           1.372117e+01           1.028506e+01           0.000000e+00           1.035362e-01           3.960661e-01           0.000000e+00           0.000000e+00   
        2.200000e+00           2.000000e-01           1.050000e+00           1.547053e+02           1.554877e+01           1.014958e+01           0.000000e+00           1.041636e-01           3.804841e-01           0.000000e+00           0.000000e+00   
        2.150000e+00           2.000000e-01           1.100000e+00           1.411541e+02           1.379047e+01           1.049099e+01           0.000000e+00           1.021291e-01           3.987020e-01           0.000000e+00           0.000000e+00   
        2.200000e+00           2.000000e-01           1.100000e+00           1.557771e+02           1.561119e+01           1.039234e+01           0.000000e+00           1.025812e-01           3.832355e-01           0.000000e+00           0.000000e+00   
        2.250000e+00           2.000000e-01           1.100000e+00           1.696188e+02           1.775488e+01           1.011757e+01           0.000000e+00           1.034370e-01           3.684527e-01           0.000000e+00           0.000000e+00   
        2.150000e+00           2.000000e-01           1.150000e+00           1.415496e+02           1.385303e+01           1.068588e+01           0.000000e+00           1.010034e-01           4.002772e-01           0.000000e+00           0.000000e+00   
        2.200000e+00           2.000000e-01           1.150000e+00           1.564595e+02           1.567149e+01           1.062158e+01           0.000000e+00           1.008471e-01           3.873328e-01           0.000000e+00           0.000000e+00   
        2.250000e+00           2.000000e-01           1.150000e+00           1.720530e+02           1.781817e+01           1.036490e+01           0.000000e+00           1.018545e-01           3.699957e-01           0.000000e+00           0.000000e+00   
        2.300000e+00           2.000000e-01           1.150000e+00           1.841315e+02           2.034548e+01           9.976114e+00           0.000000e+00           1.031070e-01           3.577793e-01           1.421299e-03           0.000000e+00   
        2.350000e+00           2.000000e-01           1.150000e+00           1.927119e+02           2.343914e+01           9.294537e+00           0.000000e+00           1.058327e-01           3.443233e-01           2.122496e-02           0.000000e+00   
        2.150000e+00           2.000000e-01           1.200000e+00           1.389278e+02           1.391706e+01           1.113447e+01           0.000000e+00           9.760099e-02           4.103424e-01           0.000000e+00           0.000000e+00   
        2.200000e+00           2.000000e-01           1.200000e+00           1.558409e+02           1.574550e+01           1.089491e+01           0.000000e+00           9.924232e-02           3.894689e-01           0.000000e+00           0.000000e+00   
        2.250000e+00           2.000000e-01           1.200000e+00           1.730562e+02           1.787193e+01           1.062031e+01           0.000000e+00           1.002277e-01           3.728639e-01           0.000000e+00           0.000000e+00   
        2.300000e+00           2.000000e-01           1.200000e+00           1.884062e+02           2.041083e+01           1.023211e+01           0.000000e+00           1.015547e-01           3.573930e-01           7.865751e-04           0.000000e+00   
        2.350000e+00           2.000000e-01           1.200000e+00           1.994016e+02           2.350101e+01           9.623346e+00           0.000000e+00           1.039940e-01           3.443233e-01           1.329398e-02           0.000000e+00   
        2.200000e+00           2.000000e-01           1.250000e+00           1.510976e+02           1.587750e+01           1.138760e+01           0.000000e+00           9.590367e-02           4.042713e-01           0.000000e+00           0.000000e+00   
        2.250000e+00           2.000000e-01           1.250000e+00           1.712466e+02           1.795787e+01           1.098576e+01           0.000000e+00           9.787459e-02           3.792663e-01           0.000000e+00           0.000000e+00   
        2.300000e+00           2.000000e-01           1.250000e+00           1.904552e+02           2.048736e+01           1.046068e+01           0.000000e+00           1.000409e-01           3.589901e-01           3.771797e-04           0.000000e+00   
        2.350000e+00           2.000000e-01           1.250000e+00           2.044782e+02           2.356147e+01           9.892243e+00           0.000000e+00           1.022708e-01           3.430139e-01           9.228894e-03           0.000000e+00   
        2.400000e+00           2.000000e-01           1.250000e+00           2.153998e+02           2.728326e+01           9.161840e+00           0.000000e+00           1.046718e-01           3.300015e-01           8.941498e-02           0.000000e+00   
        2.200000e+00           2.000000e-01           1.300000e+00           1.504569e+02           1.593480e+01           1.166163e+01           0.000000e+00           9.417901e-02           4.078589e-01           0.000000e+00           0.000000e+00   
        2.250000e+00           2.000000e-01           1.300000e+00           1.681850e+02           1.803710e+01           1.143509e+01           0.000000e+00           9.539954e-02           3.888600e-01           0.000000e+00           0.000000e+00   
        2.300000e+00           2.000000e-01           1.300000e+00           1.870453e+02           2.061204e+01           1.091311e+01           0.000000e+00           9.690448e-02           3.683024e-01           0.000000e+00           0.000000e+00   
        2.350000e+00           2.000000e-01           1.300000e+00           2.072568e+02           2.363164e+01           1.015459e+01           0.000000e+00           1.004320e-01           3.449322e-01           5.934558e-03           0.000000e+00   
        2.400000e+00           2.000000e-01           1.300000e+00           2.208764e+02           2.739064e+01           9.387054e+00           0.000000e+00           1.031972e-01           3.280779e-01           7.090837e-02           0.000000e+00   
        2.450000e+00           2.000000e-01           1.300000e+00           2.318670e+02           3.156264e+01           8.850249e+00           0.000000e+00           1.038083e-01           3.186976e-01           2.967838e-01           0.000000e+00   
        2.200000e+00           2.000000e-01           1.350000e+00           1.487937e+02           1.595243e+01           1.176149e+01           0.000000e+00           9.321395e-02           4.117152e-01           0.000000e+00           0.000000e+00   
        2.250000e+00           2.000000e-01           1.350000e+00           1.673181e+02           1.806277e+01           1.157167e+01           0.000000e+00           9.434378e-02           3.930307e-01           0.000000e+00           0.000000e+00   
        2.300000e+00           2.000000e-01           1.350000e+00           1.868283e+02           2.067108e+01           1.117806e+01           0.000000e+00           9.574861e-02           3.716484e-01           0.000000e+00           0.000000e+00   
        2.350000e+00           2.000000e-01           1.350000e+00           2.063109e+02           2.373656e+01           1.050800e+01           0.000000e+00           9.779024e-02           3.498284e-01           2.803724e-03           0.000000e+00   
        2.400000e+00           2.000000e-01           1.350000e+00           2.242257e+02           2.736469e+01           9.758728e+00           0.000000e+00           1.010312e-01           3.310302e-01           4.168483e-02           0.000000e+00   
        2.450000e+00           2.000000e-01           1.350000e+00           2.371427e+02           3.161713e+01           9.153478e+00           0.000000e+00           1.021219e-01           3.202346e-01           2.268268e-01           0.000000e+00   
        2.500000e+00           2.000000e-01           1.350000e+00           2.477726e+02           3.643429e+01           8.665666e+00           0.000000e+00           1.022558e-01           3.109272e-01           5.770346e-01           0.000000e+00   
        2.200000e+00           2.000000e-01           1.400000e+00           1.418735e+02           1.600099e+01           1.262561e+01           0.000000e+00           8.707076e-02           4.330455e-01           0.000000e+00           0.000000e+00   
        2.250000e+00           2.000000e-01           1.400000e+00           1.653352e+02           1.812550e+01           1.185693e+01           0.000000e+00           9.225405e-02           3.980015e-01           0.000000e+00           0.000000e+00   
        2.300000e+00           2.000000e-01           1.400000e+00           1.851666e+02           2.071187e+01           1.135174e+01           0.000000e+00           9.468797e-02           3.775366e-01           0.000000e+00           0.000000e+00   
        2.350000e+00           2.000000e-01           1.400000e+00           2.064450e+02           2.383155e+01           1.073313e+01           0.000000e+00           9.630976e-02           3.549665e-01           1.783010e-03           0.000000e+00   
        2.400000e+00           2.000000e-01           1.400000e+00           2.250268e+02           2.744616e+01           1.007195e+01           0.000000e+00           9.883987e-02           3.346676e-01           2.599385e-02           0.000000e+00   
        2.450000e+00           2.000000e-01           1.400000e+00           2.413327e+02           3.170343e+01           9.403889e+00           0.000000e+00           1.006875e-01           3.202346e-01           1.787459e-01           0.000000e+00   
        2.500000e+00           2.000000e-01           1.400000e+00           2.543168e+02           3.652432e+01           8.916361e+00           0.000000e+00           1.004861e-01           3.100697e-01           5.090514e-01           0.000000e+00   
        2.200000e+00           2.000000e-01           1.450000e+00           1.400483e+02           1.601327e+01           1.297580e+01           0.000000e+00           8.501184e-02           4.383559e-01           0.000000e+00           0.000000e+00   
        2.250000e+00           2.000000e-01           1.450000e+00           1.583461e+02           1.826989e+01           1.245824e+01           0.000000e+00           8.780825e-02           4.144202e-01           0.000000e+00           0.000000e+00   
        2.300000e+00           2.000000e-01           1.450000e+00           1.786773e+02           2.085470e+01           1.189610e+01           0.000000e+00           9.105461e-02           3.912063e-01           0.000000e+00           0.000000e+00   
        2.350000e+00           2.000000e-01           1.450000e+00           2.047275e+02           2.388351e+01           1.092791e+01           0.000000e+00           9.517742e-02           3.582930e-01           1.037217e-03           0.000000e+00   
        2.400000e+00           2.000000e-01           1.450000e+00           2.265840e+02           2.751538e+01           1.028446e+01           0.000000e+00           9.723354e-02           3.375859e-01           1.890962e-02           0.000000e+00   
        2.450000e+00           2.000000e-01           1.450000e+00           2.449610e+02           3.178097e+01           9.610670e+00           0.000000e+00           9.912665e-02           3.208158e-01           1.463038e-01           0.000000e+00   
        2.500000e+00           2.000000e-01           1.450000e+00           2.611021e+02           3.649648e+01           9.149738e+00           0.000000e+00           9.952689e-02           3.088886e-01           4.510142e-01           0.000000e+00   
        2.250000e+00           2.000000e-01           1.500000e+00           1.564146e+02           1.829764e+01           1.273468e+01           0.000000e+00           8.635766e-02           4.199479e-01           0.000000e+00           0.000000e+00   
        2.300000e+00           2.000000e-01           1.500000e+00           1.776116e+02           2.089956e+01           1.218618e+01           0.000000e+00           8.927142e-02           3.961530e-01           0.000000e+00           0.000000e+00   
        2.350000e+00           2.000000e-01           1.500000e+00           1.997195e+02           2.404648e+01           1.135630e+01           0.000000e+00           9.251663e-02           3.692360e-01           2.268816e-04           0.000000e+00   
        2.400000e+00           2.000000e-01           1.500000e+00           2.246833e+02           2.759356e+01           1.048856e+01           0.000000e+00           9.565533e-02           3.400364e-01           1.324974e-02           0.000000e+00   
        2.450000e+00           2.000000e-01           1.500000e+00           2.477504e+02           3.180885e+01           9.824965e+00           0.000000e+00           9.786191e-02           3.208158e-01           1.153086e-01           0.000000e+00   
        2.500000e+00           2.000000e-01           1.500000e+00           2.657897e+02           3.652899e+01           9.373685e+00           0.000000e+00           9.810342e-02           3.088886e-01           3.894806e-01           0.000000e+00   
        2.250000e+00           2.000000e-01           1.550000e+00           1.471792e+02           1.832348e+01           1.324759e+01           0.000000e+00           8.289040e-02           4.388672e-01           0.000000e+00           0.000000e+00   
        2.300000e+00           2.000000e-01           1.550000e+00           1.744967e+02           2.094462e+01           1.232804e+01           0.000000e+00           8.794203e-02           3.983688e-01           0.000000e+00           0.000000e+00   
        2.350000e+00           2.000000e-01           1.550000e+00           1.967768e+02           2.410668e+01           1.156329e+01           0.000000e+00           9.142305e-02           3.739702e-01           0.000000e+00           0.000000e+00   
        2.400000e+00           2.000000e-01           1.550000e+00           2.210711e+02           2.774144e+01           1.083617e+01           0.000000e+00           9.335181e-02           3.494584e-01           6.975444e-03           0.000000e+00   
        2.450000e+00           2.000000e-01           1.550000e+00           2.469864e+02           3.190891e+01           1.007608e+01           0.000000e+00           9.616976e-02           3.233059e-01           8.255425e-02           0.000000e+00   
        2.500000e+00           2.000000e-01           1.550000e+00           2.686178e+02           3.660328e+01           9.585750e+00           0.000000e+00           9.687272e-02           3.100697e-01           3.298160e-01           0.000000e+00   
        2.300000e+00           2.000000e-01           1.600000e+00           1.658411e+02           2.105488e+01           1.295378e+01           0.000000e+00           8.412434e-02           4.181327e-01           0.000000e+00           0.000000e+00   
        2.350000e+00           2.000000e-01           1.600000e+00           1.889384e+02           2.423040e+01           1.210935e+01           0.000000e+00           8.804769e-02           3.898341e-01           0.000000e+00           0.000000e+00   
        2.400000e+00           2.000000e-01           1.600000e+00           2.142512e+02           2.788647e+01           1.125548e+01           0.000000e+00           9.058222e-02           3.605398e-01           2.777969e-03           0.000000e+00   
        2.450000e+00           2.000000e-01           1.600000e+00           2.436392e+02           3.200232e+01           1.037650e+01           0.000000e+00           9.366567e-02           3.318689e-01           5.226229e-02           0.000000e+00   
        2.500000e+00           2.000000e-01           1.600000e+00           2.685544e+02           3.673497e+01           9.804717e+00           0.000000e+00           9.531155e-02           3.109272e-01           2.687205e-01           0.000000e+00   
        2.300000e+00           2.000000e-01           1.650000e+00           1.611924e+02           2.106804e+01           1.317326e+01           0.000000e+00           8.265403e-02           4.244223e-01           0.000000e+00           0.000000e+00   
        2.350000e+00           2.000000e-01           1.650000e+00           1.860523e+02           2.428589e+01           1.240147e+01           0.000000e+00           8.601157e-02           3.959492e-01           0.000000e+00           0.000000e+00   
        2.400000e+00           2.000000e-01           1.650000e+00           2.111460e+02           2.797389e+01           1.153318e+01           0.000000e+00           8.907267e-02           3.684836e-01           1.421299e-03           0.000000e+00   
        2.450000e+00           2.000000e-01           1.650000e+00           2.382207e+02           3.214946e+01           1.075183e+01           0.000000e+00           9.107857e-02           3.407368e-01           2.857745e-02           0.000000e+00   
        2.500000e+00           2.000000e-01           1.650000e+00           2.673379e+02           3.687323e+01           1.000168e+01           0.000000e+00           9.396305e-02           3.168592e-01           2.188636e-01           0.000000e+00   
        2.350000e+00           2.000000e-01           1.700000e+00           1.797040e+02           2.433195e+01           1.289412e+01           0.000000e+00           8.329084e-02           4.102507e-01           0.000000e+00           0.000000e+00   
        2.400000e+00           2.000000e-01           1.700000e+00           2.061869e+02           2.805773e+01           1.189004e+01           0.000000e+00           8.718165e-02           3.777532e-01           5.639803e-04           0.000000e+00   
        2.450000e+00           2.000000e-01           1.700000e+00           2.323857e+02           3.227251e+01           1.106808e+01           0.000000e+00           8.905937e-02           3.513756e-01           1.603577e-02           0.000000e+00   
        2.500000e+00           2.000000e-01           1.700000e+00           2.599859e+02           3.709630e+01           1.038955e+01           0.000000e+00           9.063837e-02           3.284094e-01           1.320597e-01           0.000000e+00   
        2.350000e+00           2.000000e-01           1.750000e+00           1.749564e+02           2.434867e+01           1.323620e+01           0.000000e+00           8.116912e-02           4.178091e-01           0.000000e+00           0.000000e+00   
        2.400000e+00           2.000000e-01           1.750000e+00           1.992951e+02           2.810730e+01           1.223726e+01           0.000000e+00           8.481836e-02           3.886046e-01           0.000000e+00           0.000000e+00   
        2.450000e+00           2.000000e-01           1.750000e+00           2.263216e+02           3.239357e+01           1.143736e+01           0.000000e+00           8.722561e-02           3.613223e-01           8.039537e-03           0.000000e+00   
        2.500000e+00           2.000000e-01           1.750000e+00           2.553892e+02           3.726698e+01           1.069012e+01           0.000000e+00           8.841450e-02           3.369760e-01           8.738018e-02           0.000000e+00   
        2.400000e+00           2.000000e-01           1.800000e+00           1.958431e+02           2.811448e+01           1.264089e+01           0.000000e+00           8.295777e-02           3.955288e-01           0.000000e+00           0.000000e+00   
        2.450000e+00           2.000000e-01           1.800000e+00           2.232438e+02           3.243768e+01           1.170268e+01           0.000000e+00           8.566967e-02           3.674409e-01           4.918907e-03           0.000000e+00   
        2.500000e+00           2.000000e-01           1.800000e+00           2.506789e+02           3.740305e+01           1.097708e+01           0.000000e+00           8.665233e-02           3.430644e-01           5.746862e-02           0.000000e+00   
        2.400000e+00           2.000000e-01           1.850000e+00           1.916719e+02           2.812531e+01           1.291951e+01           0.000000e+00           8.115744e-02           4.045392e-01           0.000000e+00           0.000000e+00   
        2.450000e+00           2.000000e-01           1.850000e+00           2.179759e+02           3.245914e+01           1.218030e+01           0.000000e+00           8.331821e-02           3.777532e-01           1.783010e-03           0.000000e+00   
        2.500000e+00           2.000000e-01           1.850000e+00           2.459457e+02           3.747542e+01           1.129929e+01           0.000000e+00           8.520085e-02           3.526845e-01           3.481100e-02           0.000000e+00   
        2.450000e+00           2.000000e-01           1.900000e+00           2.134491e+02           3.246224e+01           1.254684e+01           0.000000e+00           8.136117e-02           3.862691e-01           6.307588e-04           0.000000e+00   
        2.500000e+00           2.000000e-01           1.900000e+00           2.409454e+02           3.748761e+01           1.170579e+01           0.000000e+00           8.298099e-02           3.621590e-01           1.801395e-02           0.000000e+00   
        2.450000e+00           2.000000e-01           1.950000e+00           2.097903e+02           3.245737e+01           1.289804e+01           0.000000e+00           7.956458e-02           3.937183e-01           1.589465e-04           0.000000e+00   
        2.500000e+00           2.000000e-01           1.950000e+00           2.377560e+02           3.747849e+01           1.205968e+01           0.000000e+00           8.146472e-02           3.679546e-01           9.917874e-03           0.000000e+00   
        2.450000e+00           2.000000e-01           2.000000e+00           2.055344e+02           3.245304e+01           1.314136e+01           0.000000e+00           7.857194e-02           4.015769e-01           0.000000e+00           0.000000e+00   
        2.500000e+00           2.000000e-01           2.000000e+00           2.348531e+02           3.747056e+01           1.225753e+01           0.000000e+00           8.048632e-02           3.736558e-01           6.949689e-03           0.000000e+00   
        2.500000e+00           2.000000e-01           2.050000e+00           2.304860e+02           3.746069e+01           1.266556e+01           0.000000e+00           7.858509e-02           3.827019e-01           3.344417e-03           0.000000e+00   
        2.500000e+00           2.000000e-01           2.100000e+00           2.269341e+02           3.742350e+01           1.306008e+01           0.000000e+00           7.680433e-02           3.883143e-01           1.421299e-03           0.000000e+00   
        1.750000e+00           2.500000e-01           8.000000e-01           5.874398e+01           5.230356e+00           1.468571e+01           0.000000e+00           6.293569e-02           5.823815e-01           0.000000e+00           0.000000e+00   
        1.750000e+00           2.500000e-01           8.500000e-01           5.949031e+01           5.291744e+00           1.464733e+01           0.000000e+00           6.337234e-02           5.812051e-01           0.000000e+00           0.000000e+00   
        2.150000e+00           2.500000e-01           1.050000e+00           1.411113e+02           1.732323e+01           9.069275e+00           0.000000e+00           1.087045e-01           3.853348e-01           9.002315e-04           0.000000e+00   
        2.150000e+00           2.500000e-01           1.100000e+00           1.414217e+02           1.741131e+01           9.293308e+00           0.000000e+00           1.065409e-01           3.906727e-01           5.639803e-04           0.000000e+00   
        2.200000e+00           2.500000e-01           1.100000e+00           1.561490e+02           1.986872e+01           8.957899e+00           0.000000e+00           1.087229e-01           3.713756e-01           6.296881e-03           0.000000e+00   
        2.150000e+00           2.500000e-01           1.150000e+00           1.417417e+02           1.748394e+01           9.513013e+00           0.000000e+00           1.046996e-01           3.933867e-01           2.268816e-04           0.000000e+00   
        2.200000e+00           2.500000e-01           1.150000e+00           1.568692e+02           1.994164e+01           9.188597e+00           0.000000e+00           1.067856e-01           3.750893e-01           3.984982e-03           0.000000e+00   
        2.150000e+00           2.500000e-01           1.200000e+00           1.417220e+02           1.755706e+01           9.731977e+00           0.000000e+00           1.028683e-01           3.968068e-01           0.000000e+00           0.000000e+00   
        2.200000e+00           2.500000e-01           1.200000e+00           1.573749e+02           2.001512e+01           9.402456e+00           0.000000e+00           1.046822e-01           3.788284e-01           2.538966e-03           0.000000e+00   
        2.250000e+00           2.500000e-01           1.200000e+00           1.734652e+02           2.305431e+01           8.848956e+00           0.000000e+00           1.076958e-01           3.580483e-01           2.915010e-02           0.000000e+00   
        2.200000e+00           2.500000e-01           1.250000e+00           1.516910e+02           2.020823e+01           9.888560e+00           0.000000e+00           1.001553e-01           3.938398e-01           5.639803e-04           0.000000e+00   
        2.250000e+00           2.500000e-01           1.250000e+00           1.739155e+02           2.310537e+01           9.098709e+00           0.000000e+00           1.059367e-01           3.593290e-01           1.903990e-02           0.000000e+00   
        2.300000e+00           2.500000e-01           1.250000e+00           1.908786e+02           2.673962e+01           8.440021e+00           0.000000e+00           1.086998e-01           3.407368e-01           1.550519e-01           0.000000e+00   
        2.200000e+00           2.500000e-01           1.300000e+00           1.511161e+02           2.027903e+01           1.013228e+01           0.000000e+00           9.841354e-02           3.966713e-01           2.268816e-04           0.000000e+00   
        2.250000e+00           2.500000e-01           1.300000e+00           1.691041e+02           2.326765e+01           9.529128e+00           0.000000e+00           1.016463e-01           3.732741e-01           8.039537e-03           0.000000e+00   
        2.300000e+00           2.500000e-01           1.300000e+00           1.909761e+02           2.680064e+01           8.715433e+00           0.000000e+00           1.065315e-01           3.440318e-01           1.066656e-01           0.000000e+00   
        2.200000e+00           2.500000e-01           1.350000e+00           1.497373e+02           2.032228e+01           1.025983e+01           0.000000e+00           9.746084e-02           4.002603e-01           3.793343e-05           0.000000e+00   
        2.250000e+00           2.500000e-01           1.350000e+00           1.683431e+02           2.334919e+01           9.782655e+00           0.000000e+00           9.932768e-02           3.789711e-01           4.952875e-03           0.000000e+00   
        2.300000e+00           2.500000e-01           1.350000e+00           1.876525e+02           2.691868e+01           9.084472e+00           0.000000e+00           1.033680e-01           3.543745e-01           5.916274e-02           0.000000e+00   
        2.350000e+00           2.500000e-01           1.350000e+00           2.082996e+02           3.097898e+01           8.439867e+00           0.000000e+00           1.059240e-01           3.311993e-01           3.295396e-01           0.000000e+00   
        2.200000e+00           2.500000e-01           1.400000e+00           1.472498e+02           2.041264e+01           1.056705e+01           0.000000e+00           9.535453e-02           4.096992e-01           0.000000e+00           0.000000e+00   
        2.250000e+00           2.500000e-01           1.400000e+00           1.666155e+02           2.338574e+01           9.949781e+00           0.000000e+00           9.793347e-02           3.829290e-01           3.381777e-03           0.000000e+00   
        2.300000e+00           2.500000e-01           1.400000e+00           1.877566e+02           2.694148e+01           9.338313e+00           0.000000e+00           1.012897e-01           3.575803e-01           4.015914e-02           0.000000e+00   
        2.350000e+00           2.500000e-01           1.400000e+00           2.069600e+02           3.110594e+01           8.710260e+00           0.000000e+00           1.037536e-01           3.384239e-01           2.438923e-01           0.000000e+00   
        2.200000e+00           2.500000e-01           1.450000e+00           1.399153e+02           2.057482e+01           1.112062e+01           0.000000e+00           9.041553e-02           4.271884e-01           0.000000e+00           0.000000e+00   
        2.250000e+00           2.500000e-01           1.450000e+00           1.599041e+02           2.361097e+01           1.040003e+01           0.000000e+00           9.485884e-02           3.962466e-01           1.059862e-03           0.000000e+00   
        2.300000e+00           2.500000e-01           1.450000e+00           1.811373e+02           2.712072e+01           9.671507e+00           0.000000e+00           9.769075e-02           3.704019e-01           2.103514e-02           0.000000e+00   
        2.350000e+00           2.500000e-01           1.450000e+00           2.077768e+02           3.118220e+01           8.881287e+00           0.000000e+00           1.025326e-01           3.407368e-01           2.038642e-01           0.000000e+00   
        2.400000e+00           2.500000e-01           1.450000e+00           2.272517e+02           3.584226e+01           8.418160e+00           0.000000e+00           1.030113e-01           3.219206e-01           5.700037e-01           0.000000e+00   
        2.200000e+00           2.500000e-01           1.500000e+00           1.369050e+02           2.059268e+01           1.111173e+01           0.000000e+00           8.988335e-02           4.318908e-01           0.000000e+00           0.000000e+00   
        2.250000e+00           2.500000e-01           1.500000e+00           1.575484e+02           2.370695e+01           1.067961e+01           0.000000e+00           9.270566e-02           4.061787e-01           4.705800e-04           0.000000e+00   
        2.300000e+00           2.500000e-01           1.500000e+00           1.784712e+02           2.725130e+01           9.944565e+00           0.000000e+00           9.540844e-02           3.777532e-01           1.305378e-02           0.000000e+00   
        2.350000e+00           2.500000e-01           1.500000e+00           2.010566e+02           3.132787e+01           9.264286e+00           0.000000e+00           9.877968e-02           3.538413e-01           1.154876e-01           0.000000e+00   
        2.400000e+00           2.500000e-01           1.500000e+00           2.279560e+02           3.586326e+01           8.651295e+00           0.000000e+00           1.013738e-01           3.264578e-01           4.866965e-01           0.000000e+00   
        2.250000e+00           2.500000e-01           1.550000e+00           1.500633e+02           2.381478e+01           1.089894e+01           0.000000e+00           8.999564e-02           4.184701e-01           8.336720e-05           0.000000e+00   
        2.300000e+00           2.500000e-01           1.550000e+00           1.759972e+02           2.733150e+01           1.008450e+01           0.000000e+00           9.418140e-02           3.839174e-01           9.873355e-03           0.000000e+00   
        2.350000e+00           2.500000e-01           1.550000e+00           1.999553e+02           3.141757e+01           9.494743e+00           0.000000e+00           9.672100e-02           3.561142e-01           8.424773e-02           0.000000e+00   
        2.400000e+00           2.500000e-01           1.550000e+00           2.246113e+02           3.596787e+01           8.890278e+00           0.000000e+00           9.944256e-02           3.331771e-01           3.904301e-01           0.000000e+00   
        2.300000e+00           2.500000e-01           1.600000e+00           1.674493e+02           2.752923e+01           1.055471e+01           0.000000e+00           9.078381e-02           4.015769e-01           3.472357e-03           0.000000e+00   
        2.350000e+00           2.500000e-01           1.600000e+00           1.908180e+02           3.162577e+01           9.884120e+00           0.000000e+00           9.307700e-02           3.741894e-01           4.224670e-02           0.000000e+00   
        2.400000e+00           2.500000e-01           1.600000e+00           2.166839e+02           3.621965e+01           9.267785e+00           0.000000e+00           9.565221e-02           3.469572e-01           2.504299e-01           0.000000e+00   
        2.450000e+00           2.500000e-01           1.600000e+00           2.461909e+02           4.124079e+01           8.727111e+00           0.000000e+00           9.766919e-02           3.201645e-01           6.840622e-01           0.000000e+00   
        2.350000e+00           2.500000e-01           1.650000e+00           1.879193e+02           3.173962e+01           1.011016e+01           0.000000e+00           9.128881e-02           3.788705e-01           2.893539e-02           0.000000e+00   
        2.400000e+00           2.500000e-01           1.650000e+00           2.136121e+02           3.640449e+01           9.487930e+00           0.000000e+00           9.354111e-02           3.533594e-01           1.916359e-01           0.000000e+00   
        2.450000e+00           2.500000e-01           1.650000e+00           2.399024e+02           4.138839e+01           9.144240e+00           0.000000e+00           9.412939e-02           3.347844e-01           5.081276e-01           0.000000e+00   
        2.350000e+00           2.500000e-01           1.700000e+00           1.825412e+02           3.185206e+01           1.036688e+01           0.000000e+00           8.929643e-02           3.889162e-01           1.801395e-02           0.000000e+00   
        2.400000e+00           2.500000e-01           1.700000e+00           2.083877e+02           3.657215e+01           9.739758e+00           0.000000e+00           9.119299e-02           3.638338e-01           1.342777e-01           0.000000e+00   
        2.450000e+00           2.500000e-01           1.700000e+00           2.342915e+02           4.156955e+01           9.487543e+00           0.000000e+00           9.107283e-02           3.448768e-01           3.762881e-01           0.000000e+00   
        2.400000e+00           2.500000e-01           1.750000e+00           2.021142e+02           3.674113e+01           1.003444e+01           0.000000e+00           8.881857e-02           3.754961e-01           8.585256e-02           0.000000e+00   
        2.450000e+00           2.500000e-01           1.750000e+00           2.275161e+02           4.175858e+01           9.750631e+00           0.000000e+00           8.849626e-02           3.546321e-01           2.775052e-01           0.000000e+00   
        2.500000e+00           2.500000e-01           1.750000e+00           2.564993e+02           4.733958e+01           9.492057e+00           0.000000e+00           8.849271e-02           3.352981e-01           5.971866e-01           0.000000e+00   
        2.400000e+00           2.500000e-01           1.800000e+00           1.978835e+02           3.682081e+01           1.018074e+01           0.000000e+00           8.774271e-02           3.813718e-01           6.660619e-02           0.000000e+00   
        2.450000e+00           2.500000e-01           1.800000e+00           2.247180e+02           4.190841e+01           9.936460e+00           0.000000e+00           8.702551e-02           3.602379e-01           2.257291e-01           0.000000e+00   
        2.500000e+00           2.500000e-01           1.800000e+00           2.509392e+02           4.744835e+01           9.812648e+00           0.000000e+00           8.592313e-02           3.467195e-01           4.688412e-01           0.000000e+00   
        2.450000e+00           2.500000e-01           1.850000e+00           2.193795e+02           4.214471e+01           1.017415e+01           0.000000e+00           8.526138e-02           3.682150e-01           1.660560e-01           0.000000e+00   
        2.500000e+00           2.500000e-01           1.850000e+00           2.466549e+02           4.754531e+01           1.013583e+01           0.000000e+00           8.342247e-02           3.517099e-01           3.558104e-01           0.000000e+00   
        2.450000e+00           2.500000e-01           1.900000e+00           2.147553e+02           4.238498e+01           1.031617e+01           0.000000e+00           8.411175e-02           3.762106e-01           1.352625e-01           0.000000e+00   
        2.500000e+00           2.500000e-01           1.900000e+00           2.412972e+02           4.775349e+01           1.039976e+01           0.000000e+00           8.202571e-02           3.616779e-01           2.696492e-01           0.000000e+00   
        2.500000e+00           2.500000e-01           1.950000e+00           2.389326e+02           4.786184e+01           1.059517e+01           0.000000e+00           8.082127e-02           3.664413e-01           2.196319e-01           0.000000e+00   
        2.500000e+00           2.500000e-01           2.000000e+00           2.358602e+02           4.794818e+01           1.070966e+01           0.000000e+00           8.008568e-02           3.716028e-01           1.894821e-01           0.000000e+00   
        1.750000e+00           3.000000e-01           8.500000e-01           6.042322e+01           6.622494e+00           1.184766e+01           0.000000e+00           7.822820e-02           5.479827e-01           0.000000e+00           0.000000e+00   
        2.200000e+00           3.000000e-01           1.350000e+00           1.504221e+02           2.514798e+01           8.706009e+00           0.000000e+00           1.028494e-01           3.883143e-01           3.608760e-02           0.000000e+00   
        2.200000e+00           3.000000e-01           1.400000e+00           1.479312e+02           2.525683e+01           9.000247e+00           0.000000e+00           9.979747e-02           3.975307e-01           2.103514e-02           0.000000e+00   
        2.200000e+00           3.000000e-01           1.450000e+00           1.410901e+02           2.549580e+01           9.411336e+00           0.000000e+00           9.574048e-02           4.144040e-01           9.094081e-03           0.000000e+00   
        2.250000e+00           3.000000e-01           1.450000e+00           1.602999e+02           2.929289e+01           8.771348e+00           0.000000e+00           9.911773e-02           3.876984e-01           8.248322e-02           0.000000e+00   
        2.250000e+00           3.000000e-01           1.500000e+00           1.587405e+02           2.937689e+01           9.038847e+00           0.000000e+00           9.663242e-02           3.933786e-01           5.487111e-02           0.000000e+00   
        2.250000e+00           3.000000e-01           1.550000e+00           1.517064e+02           2.954092e+01           9.200901e+00           0.000000e+00           9.441032e-02           4.059339e-01           3.756573e-02           0.000000e+00   
        2.300000e+00           3.000000e-01           1.550000e+00           1.781364e+02           3.390983e+01           8.600780e+00           0.000000e+00           9.833402e-02           3.736647e-01           2.455298e-01           0.000000e+00   
        2.300000e+00           3.000000e-01           1.600000e+00           1.682543e+02           3.414353e+01           8.972126e+00           0.000000e+00           9.364685e-02           3.926927e-01           1.369861e-01           0.000000e+00   
        2.350000e+00           3.000000e-01           1.650000e+00           1.887423e+02           3.906857e+01           8.785931e+00           0.000000e+00           9.297418e-02           3.749253e-01           3.579019e-01           0.000000e+00   
        2.350000e+00           3.000000e-01           1.700000e+00           1.847706e+02           3.916844e+01           8.976929e+00           0.000000e+00           9.097953e-02           3.836505e-01           2.842512e-01           0.000000e+00   
        2.400000e+00           3.000000e-01           1.800000e+00           1.984012e+02           4.479677e+01           9.210917e+00           0.000000e+00           8.615137e-02           3.834209e-01           3.939152e-01           0.000000e+00   
