                 SFR              median_Lx            expected_Lx              perc25_Lx              perc75_Lx              perc10_Lx              perc20_Lx              perc30_Lx              perc40_Lx              perc50_Lx              perc60_Lx              perc70_Lx              perc80_Lx              perc90_Lx
        1.000000e-01           2.201425e+00           0.000000e+00           0.000000e+00           0.000000e+00           0.000000e+00           0.000000e+00           0.000000e+00           0.000000e+00           0.000000e+00           0.000000e+00           0.000000e+00           0.000000e+00           7.889635e+00
        1.059254e-01           2.331868e+00           0.000000e+00           0.000000e+00           0.000000e+00           0.000000e+00           0.000000e+00           0.000000e+00           0.000000e+00           0.000000e+00           0.000000e+00           0.000000e+00           0.000000e+00           7.957351e+00
        1.122018e-01           2.470039e+00           0.000000e+00           0.000000e+00           0.000000e+00           0.000000e+00           0.000000e+00           0.000000e+00           0.000000e+00           0.000000e+00           0.000000e+00           0.000000e+00           0.000000e+00           7.986844e+00
        1.188502e-01           2.616398e+00           0.000000e+00           0.000000e+00           0.000000e+00           0.000000e+00           0.000000e+00           0.000000e+00           0.000000e+00           0.000000e+00           0.000000e+00           0.000000e+00           0.000000e+00           8.033948e+00
        1.258925e-01           2.771430e+00           0.000000e+00           0.000000e+00           0.000000e+00           0.000000e+00           0.000000e+00           0.000000e+00           0.000000e+00           0.000000e+00           0.000000e+00           0.000000e+00           0.000000e+00           8.341080e+00
        1.333521e-01           2.935647e+00           0.000000e+00           0.000000e+00           0.000000e+00           0.000000e+00           0.000000e+00           0.000000e+00           0.000000e+00           0.000000e+00           0.000000e+00           0.000000e+00           0.000000e+00           9.268069e+00
        1.412538e-01           3.109595e+00           0.000000e+00           0.000000e+00           0.000000e+00           0.000000e+00           0.000000e+00           0.000000e+00           0.000000e+00           0.000000e+00           0.000000e+00           0.000000e+00           0.000000e+00           8.684498e+00
        1.496236e-01           3.293850e+00           0.000000e+00           0.000000e+00           0.000000e+00           0.000000e+00           0.000000e+00           0.000000e+00           0.000000e+00           0.000000e+00           0.000000e+00           0.000000e+00           0.000000e+00           1.045749e+01
        1.584893e-01           3.489023e+00           0.000000e+00           0.000000e+00           0.000000e+00           0.000000e+00           0.000000e+00           0.000000e+00           0.000000e+00           0.000000e+00           0.000000e+00           0.000000e+00           2.111610e+00           1.507575e+01
        1.678804e-01           3.695761e+00           0.000000e+00           0.000000e+00           0.000000e+00           0.000000e+00           0.000000e+00           0.000000e+00           0.000000e+00           0.000000e+00           0.000000e+00           0.000000e+00           3.794009e+00           1.466503e+01
        1.778279e-01           3.914749e+00           0.000000e+00           0.000000e+00           0.000000e+00           0.000000e+00           0.000000e+00           0.000000e+00           0.000000e+00           0.000000e+00           0.000000e+00           0.000000e+00           6.980845e+00           1.852343e+01
        1.883649e-01           4.146712e+00           0.000000e+00           0.000000e+00           0.000000e+00           0.000000e+00           0.000000e+00           0.000000e+00           0.000000e+00           0.000000e+00           0.000000e+00           0.000000e+00           7.636765e+00           1.990972e+01
        1.995262e-01           4.392420e+00           0.000000e+00           0.000000e+00           1.174991e+00           0.000000e+00           0.000000e+00           0.000000e+00           0.000000e+00           0.000000e+00           0.000000e+00           0.000000e+00           7.866845e+00           2.102990e+01
        2.113489e-01           4.652687e+00           0.000000e+00           0.000000e+00           4.142604e+00           0.000000e+00           0.000000e+00           0.000000e+00           0.000000e+00           0.000000e+00           0.000000e+00           0.000000e+00           7.897554e+00           2.129622e+01
        2.238721e-01           4.928377e+00           0.000000e+00           0.000000e+00           6.978018e+00           0.000000e+00           0.000000e+00           0.000000e+00           0.000000e+00           0.000000e+00           0.000000e+00           0.000000e+00           7.959328e+00           2.195286e+01
        2.371374e-01           5.220401e+00           0.000000e+00           0.000000e+00           7.012883e+00           0.000000e+00           0.000000e+00           0.000000e+00           0.000000e+00           0.000000e+00           0.000000e+00           0.000000e+00           7.971756e+00           2.164020e+01
        2.511886e-01           5.529729e+00           0.000000e+00           0.000000e+00           7.515859e+00           0.000000e+00           0.000000e+00           0.000000e+00           0.000000e+00           0.000000e+00           0.000000e+00           1.993206e+00           8.204120e+00           2.280721e+01
        2.660725e-01           5.857386e+00           0.000000e+00           0.000000e+00           7.901674e+00           0.000000e+00           0.000000e+00           0.000000e+00           0.000000e+00           0.000000e+00           0.000000e+00           5.623803e+00           8.378317e+00           2.382987e+01
        2.818383e-01           6.204458e+00           0.000000e+00           0.000000e+00           7.938750e+00           0.000000e+00           0.000000e+00           0.000000e+00           0.000000e+00           0.000000e+00           0.000000e+00           7.006248e+00           8.658754e+00           2.459429e+01
        2.985383e-01           6.572096e+00           0.000000e+00           0.000000e+00           8.120936e+00           0.000000e+00           0.000000e+00           0.000000e+00           0.000000e+00           0.000000e+00           0.000000e+00           7.829646e+00           1.317023e+01           2.568484e+01
        3.162278e-01           6.961517e+00           0.000000e+00           0.000000e+00           8.164185e+00           0.000000e+00           0.000000e+00           0.000000e+00           0.000000e+00           0.000000e+00           0.000000e+00           7.844125e+00           1.341581e+01           2.541018e+01
        3.349654e-01           7.374013e+00           0.000000e+00           0.000000e+00           8.326239e+00           0.000000e+00           0.000000e+00           0.000000e+00           0.000000e+00           0.000000e+00           0.000000e+00           7.908254e+00           1.587868e+01           2.635615e+01
        3.548134e-01           7.810950e+00           0.000000e+00           0.000000e+00           8.421275e+00           0.000000e+00           0.000000e+00           0.000000e+00           0.000000e+00           0.000000e+00           1.223469e+00           7.949943e+00           1.673995e+01           2.752059e+01
        3.758374e-01           8.273778e+00           0.000000e+00           0.000000e+00           8.643137e+00           0.000000e+00           0.000000e+00           0.000000e+00           0.000000e+00           0.000000e+00           5.314772e+00           8.012651e+00           1.913853e+01           2.812953e+01
        3.981072e-01           8.764030e+00           0.000000e+00           0.000000e+00           1.402364e+01           0.000000e+00           0.000000e+00           0.000000e+00           0.000000e+00           0.000000e+00           6.938654e+00           8.276126e+00           1.986292e+01           2.885125e+01
        4.216965e-01           9.283332e+00           0.000000e+00           0.000000e+00           1.594512e+01           0.000000e+00           0.000000e+00           0.000000e+00           0.000000e+00           0.000000e+00           7.072374e+00           8.408658e+00           2.116956e+01           2.957944e+01
        4.466836e-01           9.833404e+00           0.000000e+00           0.000000e+00           1.809556e+01           0.000000e+00           0.000000e+00           0.000000e+00           0.000000e+00           0.000000e+00           7.844452e+00           9.277681e+00           2.196447e+01           3.128109e+01
        4.731513e-01           1.041607e+01           0.000000e+00           0.000000e+00           1.801146e+01           0.000000e+00           0.000000e+00           0.000000e+00           0.000000e+00           0.000000e+00           7.894729e+00           9.836442e+00           2.195206e+01           3.139697e+01
        5.011872e-01           1.103326e+01           3.771435e+00           0.000000e+00           1.987358e+01           0.000000e+00           0.000000e+00           0.000000e+00           0.000000e+00           3.771435e+00           7.941867e+00           1.457547e+01           2.337872e+01           3.256170e+01
        5.308844e-01           1.168702e+01           6.183482e+00           0.000000e+00           2.069634e+01           0.000000e+00           0.000000e+00           0.000000e+00           0.000000e+00           6.183482e+00           8.012857e+00           1.593051e+01           2.410619e+01           3.334959e+01
        5.623413e-01           1.237952e+01           7.041329e+00           0.000000e+00           2.189619e+01           0.000000e+00           0.000000e+00           0.000000e+00           0.000000e+00           7.041329e+00           8.281603e+00           1.867447e+01           2.583510e+01           3.523380e+01
        5.956621e-01           1.311305e+01           7.079305e+00           0.000000e+00           2.236099e+01           0.000000e+00           0.000000e+00           0.000000e+00           0.000000e+00           7.079305e+00           8.384091e+00           1.953887e+01           2.632642e+01           3.617207e+01
        6.309573e-01           1.389005e+01           7.902748e+00           0.000000e+00           2.449333e+01           0.000000e+00           0.000000e+00           0.000000e+00           1.038816e+00           7.902748e+00           1.182452e+01           2.116044e+01           2.840368e+01           3.792615e+01
        6.683439e-01           1.471309e+01           7.937269e+00           0.000000e+00           2.465633e+01           0.000000e+00           0.000000e+00           0.000000e+00           4.335564e+00           7.937269e+00           1.376634e+01           2.160938e+01           2.873170e+01           3.937578e+01
        7.079458e-01           1.558489e+01           8.005964e+00           0.000000e+00           2.607637e+01           0.000000e+00           0.000000e+00           0.000000e+00           6.405642e+00           8.005964e+00           1.521446e+01           2.237351e+01           2.928187e+01           4.002489e+01
        7.498942e-01           1.650836e+01           8.342786e+00           0.000000e+00           2.805177e+01           0.000000e+00           0.000000e+00           0.000000e+00           7.058682e+00           8.342786e+00           1.669998e+01           2.431930e+01           3.152606e+01           4.348330e+01
        7.943282e-01           1.748654e+01           8.445271e+00           0.000000e+00           2.830206e+01           0.000000e+00           0.000000e+00           0.000000e+00           7.830473e+00           8.445271e+00           1.817803e+01           2.472212e+01           3.187756e+01           4.381636e+01
        8.413951e-01           1.852268e+01           9.713387e+00           0.000000e+00           2.915810e+01           0.000000e+00           0.000000e+00           9.085562e-01           7.907431e+00           9.713387e+00           1.972615e+01           2.611175e+01           3.291058e+01           4.569651e+01
        8.912509e-01           1.962022e+01           1.410876e+01           0.000000e+00           3.068910e+01           0.000000e+00           0.000000e+00           5.134600e+00           7.958987e+00           1.410876e+01           2.104814e+01           2.756035e+01           3.461151e+01           4.792990e+01
        9.440609e-01           2.078279e+01           1.571145e+01           0.000000e+00           3.202311e+01           0.000000e+00           0.000000e+00           6.977930e+00           8.203183e+00           1.571145e+01           2.207334e+01           2.890925e+01           3.627551e+01           4.954947e+01
        1.000000e+00           2.201425e+01           1.735053e+01           4.629413e+00           3.361952e+01           0.000000e+00           0.000000e+00           7.347373e+00           8.498643e+00           1.735053e+01           2.390343e+01           3.001380e+01           3.804742e+01           5.141322e+01
        1.059254e+00           2.331868e+01           1.932514e+01           6.202812e+00           3.508927e+01           0.000000e+00           0.000000e+00           7.873597e+00           9.658761e+00           1.932514e+01           2.488781e+01           3.146356e+01           4.000112e+01           5.367784e+01
        1.122018e+00           2.470039e+01           2.096494e+01           7.042172e+00           3.707224e+01           0.000000e+00           2.111561e+00           7.941251e+00           1.419462e+01           2.096494e+01           2.712930e+01           3.334969e+01           4.232253e+01           5.695801e+01
        1.188502e+00           2.616398e+01           2.193797e+01           7.881087e+00           3.955712e+01           0.000000e+00           6.319880e+00           8.182794e+00           1.558114e+01           2.193797e+01           2.828326e+01           3.493115e+01           4.472389e+01           5.911754e+01
        1.258925e+00           2.771430e+01           2.393788e+01           7.924477e+00           4.120975e+01           0.000000e+00           6.968290e+00           8.391006e+00           1.666808e+01           2.393788e+01           3.000365e+01           3.686637e+01           4.677838e+01           6.107132e+01
        1.333521e+00           2.935647e+01           2.545338e+01           7.967757e+00           4.336384e+01           0.000000e+00           7.066820e+00           8.716825e+00           1.870102e+01           2.545338e+01           3.129861e+01           3.860235e+01           4.883498e+01           6.427879e+01
        1.412538e+00           3.109595e+01           2.759136e+01           8.318779e+00           4.639221e+01           0.000000e+00           7.891817e+00           1.380903e+01           2.082720e+01           2.759136e+01           3.383748e+01           4.132585e+01           5.156630e+01           6.617751e+01
        1.496236e+00           3.293850e+01           2.860055e+01           9.133981e+00           4.840585e+01           0.000000e+00           7.957261e+00           1.523857e+01           2.238868e+01           2.860055e+01           3.496932e+01           4.328569e+01           5.375667e+01           6.890039e+01
        1.584893e+00           3.489023e+01           3.019455e+01           1.334498e+01           5.050513e+01           0.000000e+00           8.190345e+00           1.626090e+01           2.373000e+01           3.019455e+01           3.712887e+01           4.585103e+01           5.599988e+01           7.191653e+01
        1.678804e+00           3.695761e+01           3.187585e+01           1.534722e+01           5.345385e+01           3.669168e+00           8.555001e+00           1.931677e+01           2.593011e+01           3.187585e+01           3.930523e+01           4.829324e+01           5.873745e+01           7.477896e+01
        1.778279e+00           3.914749e+01           3.480939e+01           1.637932e+01           5.637208e+01           6.404214e+00           1.250760e+01           2.152786e+01           2.803341e+01           3.480939e+01           4.214947e+01           5.107530e+01           6.220173e+01           7.812973e+01
        1.883649e+00           4.146712e+01           3.664295e+01           1.762346e+01           5.959450e+01           7.041082e+00           1.464992e+01           2.227515e+01           2.960663e+01           3.664295e+01           4.478504e+01           5.416023e+01           6.592128e+01           8.230663e+01
        1.995262e+00           4.392420e+01           3.916632e+01           2.121141e+01           6.250999e+01           7.904223e+00           1.612216e+01           2.498404e+01           3.186983e+01           3.916632e+01           4.725692e+01           5.675903e+01           6.866027e+01           8.646873e+01
        2.113489e+00           4.652687e+01           4.198613e+01           2.334259e+01           6.536016e+01           8.026788e+00           1.807312e+01           2.731659e+01           3.451967e+01           4.198613e+01           5.038192e+01           6.009774e+01           7.174494e+01           8.965508e+01
        2.238721e+00           4.928377e+01           4.434153e+01           2.459922e+01           6.802792e+01           8.372904e+00           2.033775e+01           2.915067e+01           3.675049e+01           4.434153e+01           5.283126e+01           6.255567e+01           7.403705e+01           9.164925e+01
        2.371374e+00           5.220401e+01           4.888334e+01           2.818078e+01           7.291567e+01           1.247916e+01           2.351322e+01           3.228521e+01           4.058330e+01           4.888334e+01           5.762799e+01           6.716890e+01           7.899071e+01           9.651846e+01
        2.511886e+00           5.529729e+01           5.027224e+01           3.030824e+01           7.559852e+01           1.463754e+01           2.582497e+01           3.435169e+01           4.228983e+01           5.027224e+01           5.960022e+01           6.950689e+01           8.268456e+01           1.021084e+02
        2.660725e+00           5.857386e+01           5.436482e+01           3.219378e+01           7.975158e+01           1.605106e+01           2.791090e+01           3.660270e+01           4.568099e+01           5.436482e+01           6.352377e+01           7.345015e+01           8.677404e+01           1.060318e+02
        2.818383e+00           6.204458e+01           5.764523e+01           3.477352e+01           8.366339e+01           1.717928e+01           2.993637e+01           3.930678e+01           4.880559e+01           5.764523e+01           6.668151e+01           7.690519e+01           9.089039e+01           1.113139e+02
        2.985383e+00           6.572096e+01           6.148389e+01           3.808177e+01           8.790633e+01           2.041288e+01           3.299815e+01           4.250165e+01           5.213986e+01           6.148389e+01           7.103718e+01           8.144160e+01           9.513522e+01           1.165499e+02
        3.162278e+00           6.961517e+01           6.581179e+01           4.147048e+01           9.368151e+01           2.368096e+01           3.583894e+01           4.635426e+01           5.606712e+01           6.581179e+01           7.559609e+01           8.675562e+01           1.007755e+02           1.218928e+02
        3.349654e+00           7.374013e+01           6.972472e+01           4.412314e+01           9.903486e+01           2.552279e+01           3.836632e+01           4.953461e+01           6.015307e+01           6.972472e+01           8.056572e+01           9.237114e+01           1.065060e+02           1.275391e+02
        3.548134e+00           7.810950e+01           7.473366e+01           4.847934e+01           1.049909e+02           2.970645e+01           4.298835e+01           5.403124e+01           6.443558e+01           7.473366e+01           8.519158e+01           9.764730e+01           1.123912e+02           1.328552e+02
        3.758374e+00           8.273778e+01           7.804363e+01           5.132714e+01           1.093479e+02           3.181112e+01           4.543035e+01           5.640350e+01           6.721931e+01           7.804363e+01           8.979443e+01           1.020051e+02           1.172220e+02           1.395128e+02
        3.981072e+00           8.764030e+01           8.357307e+01           5.643928e+01           1.136133e+02           3.540334e+01           5.028482e+01           6.208301e+01           7.264733e+01           8.357307e+01           9.407382e+01           1.066334e+02           1.220570e+02           1.443622e+02
        4.216965e+00           9.283332e+01           8.847320e+01           6.035648e+01           1.199940e+02           3.853498e+01           5.361381e+01           6.609291e+01           7.763213e+01           8.847320e+01           9.975553e+01           1.128457e+02           1.283782e+02           1.524417e+02
        4.466836e+00           9.833404e+01           9.522764e+01           6.580347e+01           1.279719e+02           4.281933e+01           5.905419e+01           7.182620e+01           8.329277e+01           9.522764e+01           1.069425e+02           1.199118e+02           1.369218e+02           1.603160e+02
        4.731513e+00           1.041607e+02           9.955132e+01           7.041520e+01           1.339105e+02           4.741189e+01           6.371329e+01           7.654267e+01           8.814908e+01           9.955132e+01           1.118684e+02           1.258903e+02           1.433399e+02           1.672857e+02
        5.011872e+00           1.103326e+02           1.071158e+02           7.664392e+01           1.419721e+02           5.188851e+01           6.958098e+01           8.349019e+01           9.532474e+01           1.071158e+02           1.193421e+02           1.338069e+02           1.515106e+02           1.775257e+02
        5.308844e+00           1.168702e+02           1.117504e+02           8.148059e+01           1.481078e+02           5.621800e+01           7.383266e+01           8.775313e+01           9.978587e+01           1.117504e+02           1.252236e+02           1.402823e+02           1.572193e+02           1.835991e+02
        5.623413e+00           1.237952e+02           1.193653e+02           8.704245e+01           1.566339e+02           6.093459e+01           7.902262e+01           9.400298e+01           1.068100e+02           1.193653e+02           1.336683e+02           1.482524e+02           1.662353e+02           1.927015e+02
        5.956621e+00           1.311305e+02           1.263499e+02           9.238610e+01           1.646978e+02           6.512570e+01           8.410281e+01           9.969652e+01           1.131816e+02           1.263499e+02           1.400491e+02           1.558890e+02           1.743464e+02           2.023764e+02
        6.309573e+00           1.389005e+02           1.344667e+02           9.897294e+01           1.738601e+02           7.136819e+01           9.132777e+01           1.065838e+02           1.205570e+02           1.344667e+02           1.487117e+02           1.647100e+02           1.840425e+02           2.127432e+02
        6.683439e+00           1.471309e+02           1.433387e+02           1.063141e+02           1.826457e+02           7.799540e+01           9.848525e+01           1.145006e+02           1.297291e+02           1.433387e+02           1.573108e+02           1.735410e+02           1.937359e+02           2.223225e+02
        7.079458e+00           1.558489e+02           1.512621e+02           1.134484e+02           1.919561e+02           8.433985e+01           1.050492e+02           1.215557e+02           1.368068e+02           1.512621e+02           1.658923e+02           1.824493e+02           2.018347e+02           2.297335e+02
        7.498942e+00           1.650836e+02           1.611966e+02           1.239018e+02           2.025505e+02           9.214829e+01           1.140486e+02           1.315133e+02           1.463076e+02           1.611966e+02           1.770803e+02           1.930740e+02           2.134812e+02           2.444388e+02
        7.943282e+00           1.748654e+02           1.713120e+02           1.319623e+02           2.133850e+02           9.980562e+01           1.228440e+02           1.397412e+02           1.561242e+02           1.713120e+02           1.868018e+02           2.038839e+02           2.241731e+02           2.552045e+02
        8.413951e+00           1.852268e+02           1.808055e+02           1.392869e+02           2.255373e+02           1.070636e+02           1.296650e+02           1.485043e+02           1.647201e+02           1.808055e+02           1.966112e+02           2.146890e+02           2.365306e+02           2.679816e+02
        8.912509e+00           1.962022e+02           1.933077e+02           1.503422e+02           2.376145e+02           1.160692e+02           1.406020e+02           1.606588e+02           1.768819e+02           1.933077e+02           2.099550e+02           2.279373e+02           2.499708e+02           2.836568e+02
        9.440609e+00           2.078279e+02           2.042253e+02           1.604472e+02           2.512910e+02           1.255662e+02           1.508608e+02           1.702347e+02           1.875501e+02           2.042253e+02           2.211670e+02           2.402903e+02           2.638609e+02           2.969127e+02
        1.000000e+01           2.201425e+02           2.147330e+02           1.720288e+02           2.629958e+02           1.348214e+02           1.618882e+02           1.804491e+02           1.984832e+02           2.147330e+02           2.326263e+02           2.518874e+02           2.754512e+02           3.115181e+02
        1.059254e+01           2.331868e+02           2.276969e+02           1.824261e+02           2.777567e+02           1.462449e+02           1.726674e+02           1.924982e+02           2.102642e+02           2.276969e+02           2.456676e+02           2.661477e+02           2.909835e+02           3.241847e+02
        1.122018e+01           2.470039e+02           2.431139e+02           1.955725e+02           2.934027e+02           1.575693e+02           1.846176e+02           2.051819e+02           2.241872e+02           2.431139e+02           2.625330e+02           2.818457e+02           3.059142e+02           3.430986e+02
        1.188502e+01           2.616398e+02           2.582798e+02           2.086913e+02           3.108230e+02           1.672226e+02           1.975682e+02           2.195986e+02           2.391553e+02           2.582798e+02           2.770904e+02           2.978742e+02           3.240762e+02           3.589245e+02
        1.258925e+01           2.771430e+02           2.729176e+02           2.237168e+02           3.261206e+02           1.811068e+02           2.112722e+02           2.343941e+02           2.537243e+02           2.729176e+02           2.930767e+02           3.137839e+02           3.403223e+02           3.778630e+02
        1.333521e+01           2.935647e+02           2.903620e+02           2.367220e+02           3.435700e+02           1.943758e+02           2.242602e+02           2.483846e+02           2.698647e+02           2.903620e+02           3.103410e+02           3.314598e+02           3.586201e+02           3.949270e+02
        1.412538e+01           3.109595e+02           3.069587e+02           2.552482e+02           3.638744e+02           2.106535e+02           2.439704e+02           2.668646e+02           2.867542e+02           3.069587e+02           3.283104e+02           3.510871e+02           3.784867e+02           4.158196e+02
        1.496236e+01           3.293850e+02           3.243435e+02           2.698383e+02           3.827356e+02           2.246576e+02           2.573890e+02           2.811916e+02           3.030534e+02           3.243435e+02           3.463331e+02           3.694526e+02           3.981237e+02           4.398230e+02
        1.584893e+01           3.489023e+02           3.446360e+02           2.869349e+02           4.045331e+02           2.412086e+02           2.736172e+02           2.991238e+02           3.215572e+02           3.446360e+02           3.664393e+02           3.901820e+02           4.192685e+02           4.609404e+02
        1.678804e+01           3.695761e+02           3.658943e+02           3.076853e+02           4.280859e+02           2.604356e+02           2.942574e+02           3.192262e+02           3.435844e+02           3.658943e+02           3.893404e+02           4.129510e+02           4.435417e+02           4.863148e+02
        1.778279e+01           3.914749e+02           3.870047e+02           3.274129e+02           4.506966e+02           2.761954e+02           3.128920e+02           3.402342e+02           3.644815e+02           3.870047e+02           4.105093e+02           4.361264e+02           4.667451e+02           5.101133e+02
        1.883649e+01           4.146712e+02           4.109929e+02           3.484237e+02           4.745548e+02           2.973557e+02           3.349083e+02           3.619548e+02           3.876257e+02           4.109929e+02           4.356507e+02           4.612035e+02           4.922455e+02           5.367384e+02
        1.995262e+01           4.392420e+02           4.369429e+02           3.723843e+02           5.035198e+02           3.177009e+02           3.573773e+02           3.858579e+02           4.125464e+02           4.369429e+02           4.635776e+02           4.897909e+02           5.203982e+02           5.669302e+02
        2.113489e+01           4.652687e+02           4.617164e+02           3.973948e+02           5.297880e+02           3.414807e+02           3.819696e+02           4.111095e+02           4.368485e+02           4.617164e+02           4.867952e+02           5.140763e+02           5.479658e+02           5.975674e+02
        2.238721e+01           4.928377e+02           4.867822e+02           4.189808e+02           5.582822e+02           3.613493e+02           4.030286e+02           4.349507e+02           4.604031e+02           4.867822e+02           5.137048e+02           5.422785e+02           5.762589e+02           6.252115e+02
        2.371374e+01           5.220401e+02           5.164781e+02           4.471608e+02           5.920496e+02           3.900268e+02           4.305067e+02           4.624444e+02           4.892984e+02           5.164781e+02           5.450285e+02           5.756082e+02           6.113638e+02           6.617018e+02
        2.511886e+01           5.529729e+02           5.496925e+02           4.780160e+02           6.258280e+02           4.202165e+02           4.605190e+02           4.926688e+02           5.213790e+02           5.496925e+02           5.773142e+02           6.086138e+02           6.458547e+02           6.989123e+02
        2.660725e+01           5.857386e+02           5.791107e+02           5.064014e+02           6.573002e+02           4.449937e+02           4.894845e+02           5.218597e+02           5.516733e+02           5.791107e+02           6.082403e+02           6.406880e+02           6.761174e+02           7.294814e+02
        2.818383e+01           6.204458e+02           6.165369e+02           5.415190e+02           6.969657e+02           4.763746e+02           5.236321e+02           5.573835e+02           5.871060e+02           6.165369e+02           6.462268e+02           6.787514e+02           7.169465e+02           7.708130e+02
        2.985383e+01           6.572096e+02           6.562165e+02           5.745288e+02           7.382845e+02           5.080914e+02           5.563233e+02           5.926749e+02           6.253387e+02           6.562165e+02           6.861990e+02           7.198034e+02           7.582286e+02           8.142955e+02
        3.162278e+01           6.961517e+02           6.919612e+02           6.112086e+02           7.757749e+02           5.432610e+02           5.929331e+02           6.289309e+02           6.614488e+02           6.919612e+02           7.238181e+02           7.572153e+02           7.964030e+02           8.488719e+02
        3.349654e+01           7.374013e+02           7.352272e+02           6.517405e+02           8.208514e+02           5.806557e+02           6.329396e+02           6.687994e+02           7.033463e+02           7.352272e+02           7.665691e+02           8.017163e+02           8.427825e+02           9.020148e+02
        3.548134e+01           7.810950e+02           7.732445e+02           6.911428e+02           8.624081e+02           6.188255e+02           6.706315e+02           7.092866e+02           7.422307e+02           7.732445e+02           8.067957e+02           8.427688e+02           8.857437e+02           9.463484e+02
        3.758374e+01           8.273778e+02           8.230795e+02           7.348792e+02           9.170222e+02           6.612048e+02           7.153114e+02           7.551677e+02           7.900339e+02           8.230795e+02           8.582020e+02           8.953701e+02           9.417223e+02           1.001774e+03
        3.981072e+01           8.764030e+02           8.722886e+02           7.806803e+02           9.631144e+02           7.029217e+02           7.582562e+02           8.010793e+02           8.381785e+02           8.722886e+02           9.049702e+02           9.426397e+02           9.871682e+02           1.055439e+03
        4.216965e+01           9.283332e+02           9.213272e+02           8.268022e+02           1.019957e+03           7.492702e+02           8.050347e+02           8.476162e+02           8.856701e+02           9.213272e+02           9.568197e+02           9.981334e+02           1.043875e+03           1.109105e+03
        4.466836e+01           9.833404e+02           9.818678e+02           8.862075e+02           1.080864e+03           8.016126e+02           8.642786e+02           9.067095e+02           9.455537e+02           9.818678e+02           1.017445e+03           1.058575e+03           1.105288e+03           1.170589e+03
        4.731513e+01           1.041607e+03           1.036943e+03           9.400999e+02           1.140609e+03           8.533614e+02           9.151384e+02           9.631446e+02           9.994004e+02           1.036943e+03           1.076079e+03           1.117438e+03           1.165618e+03           1.232150e+03
        5.011872e+01           1.103326e+03           1.099230e+03           9.965392e+02           1.205300e+03           9.078765e+02           9.718655e+02           1.020647e+03           1.059825e+03           1.099230e+03           1.138184e+03           1.181852e+03           1.231403e+03           1.303061e+03
        5.308844e+01           1.168702e+03           1.163050e+03           1.057766e+03           1.272803e+03           9.684874e+02           1.033086e+03           1.079758e+03           1.121728e+03           1.163050e+03           1.202571e+03           1.248208e+03           1.301378e+03           1.379305e+03
        5.623413e+01           1.237952e+03           1.232777e+03           1.125426e+03           1.343445e+03           1.031435e+03           1.101224e+03           1.149934e+03           1.192245e+03           1.232777e+03           1.273439e+03           1.318240e+03           1.370389e+03           1.446769e+03
        5.956621e+01           1.311305e+03           1.306267e+03           1.194797e+03           1.419475e+03           1.097862e+03           1.168251e+03           1.219173e+03           1.264005e+03           1.306267e+03           1.349159e+03           1.393943e+03           1.449255e+03           1.526061e+03
        6.309573e+01           1.389005e+03           1.382058e+03           1.268391e+03           1.499153e+03           1.167565e+03           1.239008e+03           1.293600e+03           1.339454e+03           1.382058e+03           1.424783e+03           1.472845e+03           1.531345e+03           1.607103e+03
        6.683439e+01           1.471309e+03           1.466590e+03           1.347619e+03           1.590511e+03           1.244243e+03           1.318610e+03           1.373225e+03           1.419087e+03           1.466590e+03           1.511436e+03           1.561382e+03           1.623454e+03           1.704393e+03
        7.079458e+01           1.558489e+03           1.555742e+03           1.432770e+03           1.678894e+03           1.327664e+03           1.403509e+03           1.460588e+03           1.510558e+03           1.555742e+03           1.601483e+03           1.650556e+03           1.708219e+03           1.795317e+03
        7.498942e+01           1.650836e+03           1.650594e+03           1.523038e+03           1.776391e+03           1.415689e+03           1.494551e+03           1.554521e+03           1.603293e+03           1.650594e+03           1.697964e+03           1.747681e+03           1.809232e+03           1.892031e+03
        7.943282e+01           1.748654e+03           1.746938e+03           1.616162e+03           1.878047e+03           1.502864e+03           1.584497e+03           1.645855e+03           1.698128e+03           1.746938e+03           1.794298e+03           1.848439e+03           1.911297e+03           1.995865e+03
        8.413951e+01           1.852268e+03           1.846740e+03           1.716208e+03           1.983767e+03           1.599278e+03           1.684188e+03           1.744939e+03           1.798305e+03           1.846740e+03           1.898237e+03           1.953524e+03           2.016857e+03           2.104910e+03
        8.912509e+01           1.962022e+03           1.961191e+03           1.825506e+03           2.101098e+03           1.707052e+03           1.793025e+03           1.854428e+03           1.909483e+03           1.961191e+03           2.014578e+03           2.069334e+03           2.139197e+03           2.231229e+03
        9.440609e+01           2.078279e+03           2.076466e+03           1.938257e+03           2.215798e+03           1.814471e+03           1.903339e+03           1.967827e+03           2.024119e+03           2.076466e+03           2.129116e+03           2.186029e+03           2.253860e+03           2.354031e+03
        1.000000e+02           2.201425e+03           2.198031e+03           2.055354e+03           2.348784e+03           1.928781e+03           2.020160e+03           2.084423e+03           2.142197e+03           2.198031e+03           2.251845e+03           2.313289e+03           2.386112e+03           2.483706e+03
        1.059254e+02           2.331868e+03           2.331093e+03           2.184118e+03           2.485453e+03           2.051783e+03           2.146252e+03           2.217072e+03           2.276545e+03           2.331093e+03           2.387242e+03           2.449757e+03           2.522962e+03           2.620737e+03
        1.122018e+02           2.470039e+03           2.465433e+03           2.309498e+03           2.622452e+03           2.182522e+03           2.274771e+03           2.343983e+03           2.407094e+03           2.465433e+03           2.523521e+03           2.589548e+03           2.661661e+03           2.768798e+03
        1.188502e+02           2.616398e+03           2.608327e+03           2.456693e+03           2.772647e+03           2.311017e+03           2.413733e+03           2.489694e+03           2.548485e+03           2.608327e+03           2.667348e+03           2.733815e+03           2.811608e+03           2.919401e+03
        1.258925e+02           2.771430e+03           2.764008e+03           2.601282e+03           2.933906e+03           2.460787e+03           2.560541e+03           2.635510e+03           2.700334e+03           2.764008e+03           2.828259e+03           2.894142e+03           2.977710e+03           3.089527e+03
        1.333521e+02           2.935647e+03           2.928430e+03           2.765422e+03           3.100769e+03           2.626983e+03           2.726884e+03           2.800871e+03           2.870089e+03           2.928430e+03           2.992266e+03           3.061118e+03           3.141499e+03           3.259340e+03
        1.412538e+02           3.109595e+03           3.104743e+03           2.929956e+03           3.282224e+03           2.783645e+03           2.888742e+03           2.966311e+03           3.040616e+03           3.104743e+03           3.170328e+03           3.240402e+03           3.325087e+03           3.439549e+03
        1.496236e+02           3.293850e+03           3.283543e+03           3.109778e+03           3.472676e+03           2.952290e+03           3.064368e+03           3.149653e+03           3.218607e+03           3.283543e+03           3.353508e+03           3.429550e+03           3.517906e+03           3.630784e+03
        1.584893e+02           3.489023e+03           3.482864e+03           3.304277e+03           3.675393e+03           3.140947e+03           3.257380e+03           3.345017e+03           3.416298e+03           3.482864e+03           3.557289e+03           3.632916e+03           3.719149e+03           3.841750e+03
        1.678804e+02           3.695761e+03           3.696071e+03           3.511942e+03           3.888397e+03           3.348213e+03           3.465789e+03           3.554307e+03           3.627630e+03           3.696071e+03           3.765528e+03           3.847631e+03           3.931571e+03           4.053518e+03
        1.778279e+02           3.914749e+03           3.913377e+03           3.713401e+03           4.108723e+03           3.537912e+03           3.664761e+03           3.756683e+03           3.834086e+03           3.913377e+03           3.985931e+03           4.066044e+03           4.154977e+03           4.280262e+03
        1.883649e+02           4.146712e+03           4.136957e+03           3.938487e+03           4.343850e+03           3.766523e+03           3.889771e+03           3.982068e+03           4.063162e+03           4.136957e+03           4.210643e+03           4.297970e+03           4.393705e+03           4.523811e+03
        1.995262e+02           4.392420e+03           4.386461e+03           4.185409e+03           4.591894e+03           4.004713e+03           4.133835e+03           4.227757e+03           4.310584e+03           4.386461e+03           4.463121e+03           4.547380e+03           4.646917e+03           4.784700e+03
        2.113489e+02           4.652687e+03           4.653594e+03           4.444257e+03           4.866283e+03           4.268403e+03           4.394086e+03           4.491604e+03           4.574016e+03           4.653594e+03           4.732529e+03           4.819033e+03           4.919095e+03           5.060099e+03
        2.238721e+02           4.928377e+03           4.920662e+03           4.702793e+03           5.143308e+03           4.506678e+03           4.648024e+03           4.753150e+03           4.838251e+03           4.920662e+03           5.004413e+03           5.093183e+03           5.197545e+03           5.341858e+03
        2.371374e+02           5.220401e+03           5.213927e+03           4.995132e+03           5.445575e+03           4.798776e+03           4.939090e+03           5.045128e+03           5.133784e+03           5.213927e+03           5.302151e+03           5.396304e+03           5.505207e+03           5.658906e+03
        2.511886e+02           5.529729e+03           5.526276e+03           5.294073e+03           5.768428e+03           5.081800e+03           5.239861e+03           5.345233e+03           5.441383e+03           5.526276e+03           5.618519e+03           5.715722e+03           5.826819e+03           5.979290e+03
        2.660725e+02           5.857386e+03           5.848548e+03           5.618312e+03           6.092833e+03           5.405659e+03           5.558319e+03           5.670581e+03           5.763672e+03           5.848548e+03           5.938803e+03           6.039652e+03           6.154992e+03           6.305638e+03
        2.818383e+02           6.204458e+03           6.205920e+03           5.958422e+03           6.453127e+03           5.751134e+03           5.899578e+03           6.011411e+03           6.110465e+03           6.205920e+03           6.299610e+03           6.397800e+03           6.515728e+03           6.681812e+03
        2.985383e+02           6.572096e+03           6.570217e+03           6.315575e+03           6.820686e+03           6.093743e+03           6.253026e+03           6.370330e+03           6.470860e+03           6.570217e+03           6.663773e+03           6.765743e+03           6.884860e+03           7.044184e+03
        3.162278e+02           6.961517e+03           6.953408e+03           6.697176e+03           7.212880e+03           6.462885e+03           6.630794e+03           6.755865e+03           6.858117e+03           6.953408e+03           7.051005e+03           7.156111e+03           7.279197e+03           7.446899e+03
        3.349654e+02           7.374013e+03           7.366119e+03           7.105386e+03           7.639175e+03           6.868715e+03           7.038860e+03           7.158961e+03           7.264528e+03           7.366119e+03           7.466503e+03           7.574653e+03           7.707832e+03           7.885095e+03
        3.548134e+02           7.810950e+03           7.803520e+03           7.530854e+03           8.088478e+03           7.295281e+03           7.464183e+03           7.588130e+03           7.696351e+03           7.803520e+03           7.912284e+03           8.021658e+03           8.155356e+03           8.335460e+03
        3.758374e+02           8.273778e+03           8.268683e+03           7.981735e+03           8.549763e+03           7.736660e+03           7.912860e+03           8.045896e+03           8.158875e+03           8.268683e+03           8.369804e+03           8.488782e+03           8.624660e+03           8.807702e+03
        3.981072e+02           8.764030e+03           8.772299e+03           8.479285e+03           9.054731e+03           8.226891e+03           8.409236e+03           8.541294e+03           8.659719e+03           8.772299e+03           8.878246e+03           8.984914e+03           9.128294e+03           9.319655e+03
        4.216965e+02           9.283332e+03           9.282901e+03           8.984483e+03           9.580392e+03           8.717904e+03           8.913257e+03           9.050228e+03           9.168008e+03           9.282901e+03           9.392645e+03           9.515434e+03           9.657748e+03           9.858670e+03
        4.466836e+02           9.833404e+03           9.835591e+03           9.524077e+03           1.014823e+04           9.251696e+03           9.450909e+03           9.591689e+03           9.720039e+03           9.835591e+03           9.951974e+03           1.007684e+04           1.022559e+04           1.043446e+04
        4.731513e+02           1.041607e+04           1.042231e+04           1.010400e+04           1.073915e+04           9.814280e+03           1.002109e+04           1.017473e+04           1.030190e+04           1.042231e+04           1.053798e+04           1.066801e+04           1.081981e+04           1.102636e+04
        5.011872e+02           1.103326e+04           1.103329e+04           1.070003e+04           1.135694e+04           1.041357e+04           1.062288e+04           1.077876e+04           1.090974e+04           1.103329e+04           1.115277e+04           1.128253e+04           1.144148e+04           1.165663e+04
        5.308844e+02           1.168702e+04           1.167718e+04           1.134205e+04           1.201341e+04           1.104407e+04           1.126273e+04           1.142009e+04           1.154964e+04           1.167718e+04           1.180886e+04           1.193938e+04           1.209806e+04           1.232497e+04
        5.623413e+02           1.237952e+04           1.238175e+04           1.203558e+04           1.273309e+04           1.172532e+04           1.194558e+04           1.210975e+04           1.225693e+04           1.238175e+04           1.251246e+04           1.265623e+04           1.281172e+04           1.303512e+04
        5.956621e+02           1.311305e+04           1.310382e+04           1.275801e+04           1.345978e+04           1.243644e+04           1.267114e+04           1.283643e+04           1.297374e+04           1.310382e+04           1.324220e+04           1.338365e+04           1.355041e+04           1.379992e+04
        6.309573e+02           1.389005e+04           1.387432e+04           1.351562e+04           1.424574e+04           1.317917e+04           1.342220e+04           1.360016e+04           1.374159e+04           1.387432e+04           1.402019e+04           1.416386e+04           1.433549e+04           1.460213e+04
        6.683439e+02           1.471309e+04           1.470814e+04           1.433150e+04           1.508532e+04           1.399056e+04           1.423953e+04           1.441734e+04           1.456508e+04           1.470814e+04           1.484599e+04           1.500232e+04           1.518573e+04           1.543874e+04
        7.079458e+02           1.558489e+04           1.556984e+04           1.519208e+04           1.596509e+04           1.484103e+04           1.509326e+04           1.528208e+04           1.542830e+04           1.556984e+04           1.571623e+04           1.587921e+04           1.606518e+04           1.632354e+04
        7.498942e+02           1.650836e+04           1.650166e+04           1.611496e+04           1.691670e+04           1.574889e+04           1.601458e+04           1.619854e+04           1.635861e+04           1.650166e+04           1.665578e+04           1.682062e+04           1.701685e+04           1.728186e+04
        7.943282e+02           1.748654e+04           1.749604e+04           1.707058e+04           1.789554e+04           1.670600e+04           1.697088e+04           1.716000e+04           1.733232e+04           1.749604e+04           1.764131e+04           1.780251e+04           1.800640e+04           1.829362e+04
        8.413951e+02           1.852268e+04           1.851217e+04           1.808480e+04           1.893745e+04           1.771978e+04           1.798232e+04           1.817936e+04           1.835058e+04           1.851217e+04           1.866408e+04           1.883948e+04           1.904163e+04           1.930929e+04
        8.912509e+02           1.962022e+04           1.960892e+04           1.917600e+04           2.005293e+04           1.879613e+04           1.907108e+04           1.926801e+04           1.944794e+04           1.960892e+04           1.977249e+04           1.995154e+04           2.016358e+04           2.045026e+04
        9.440609e+02           2.078279e+04           2.078312e+04           2.033070e+04           2.124002e+04           1.993560e+04           2.022070e+04           2.043248e+04           2.061175e+04           2.078312e+04           2.095157e+04           2.113550e+04           2.135344e+04           2.165580e+04
        1.000000e+03           2.201425e+04           2.200352e+04           2.155207e+04           2.246078e+04           2.112438e+04           2.143158e+04           2.164799e+04           2.183986e+04           2.200352e+04           2.217800e+04           2.236447e+04           2.257880e+04           2.289436e+04
