                 SFR              median_Lx            expected_Lx              perc25_Lx              perc75_Lx              perc10_Lx              perc20_Lx              perc30_Lx              perc40_Lx              perc50_Lx              perc60_Lx              perc70_Lx              perc80_Lx              perc90_Lx
        1.000000e-01           9.927896e-01           0.000000e+00           0.000000e+00           0.000000e+00           0.000000e+00           0.000000e+00           0.000000e+00           0.000000e+00           0.000000e+00           0.000000e+00           0.000000e+00           0.000000e+00           0.000000e+00
        1.059254e-01           1.051616e+00           0.000000e+00           0.000000e+00           0.000000e+00           0.000000e+00           0.000000e+00           0.000000e+00           0.000000e+00           0.000000e+00           0.000000e+00           0.000000e+00           0.000000e+00           0.000000e+00
        1.122018e-01           1.113928e+00           0.000000e+00           0.000000e+00           0.000000e+00           0.000000e+00           0.000000e+00           0.000000e+00           0.000000e+00           0.000000e+00           0.000000e+00           0.000000e+00           0.000000e+00           0.000000e+00
        1.188502e-01           1.179933e+00           0.000000e+00           0.000000e+00           0.000000e+00           0.000000e+00           0.000000e+00           0.000000e+00           0.000000e+00           0.000000e+00           0.000000e+00           0.000000e+00           0.000000e+00           0.000000e+00
        1.258925e-01           1.249848e+00           0.000000e+00           0.000000e+00           0.000000e+00           0.000000e+00           0.000000e+00           0.000000e+00           0.000000e+00           0.000000e+00           0.000000e+00           0.000000e+00           0.000000e+00           0.000000e+00
        1.333521e-01           1.323906e+00           0.000000e+00           0.000000e+00           0.000000e+00           0.000000e+00           0.000000e+00           0.000000e+00           0.000000e+00           0.000000e+00           0.000000e+00           0.000000e+00           0.000000e+00           0.000000e+00
        1.412538e-01           1.402353e+00           0.000000e+00           0.000000e+00           0.000000e+00           0.000000e+00           0.000000e+00           0.000000e+00           0.000000e+00           0.000000e+00           0.000000e+00           0.000000e+00           0.000000e+00           0.000000e+00
        1.496236e-01           1.485447e+00           0.000000e+00           0.000000e+00           0.000000e+00           0.000000e+00           0.000000e+00           0.000000e+00           0.000000e+00           0.000000e+00           0.000000e+00           0.000000e+00           0.000000e+00           0.000000e+00
        1.584893e-01           1.573465e+00           0.000000e+00           0.000000e+00           0.000000e+00           0.000000e+00           0.000000e+00           0.000000e+00           0.000000e+00           0.000000e+00           0.000000e+00           0.000000e+00           0.000000e+00           0.000000e+00
        1.678804e-01           1.666699e+00           0.000000e+00           0.000000e+00           0.000000e+00           0.000000e+00           0.000000e+00           0.000000e+00           0.000000e+00           0.000000e+00           0.000000e+00           0.000000e+00           0.000000e+00           0.000000e+00
        1.778279e-01           1.765457e+00           0.000000e+00           0.000000e+00           0.000000e+00           0.000000e+00           0.000000e+00           0.000000e+00           0.000000e+00           0.000000e+00           0.000000e+00           0.000000e+00           0.000000e+00           0.000000e+00
        1.883649e-01           1.870067e+00           0.000000e+00           0.000000e+00           0.000000e+00           0.000000e+00           0.000000e+00           0.000000e+00           0.000000e+00           0.000000e+00           0.000000e+00           0.000000e+00           0.000000e+00           2.510344e+00
        1.995262e-01           1.980876e+00           0.000000e+00           0.000000e+00           0.000000e+00           0.000000e+00           0.000000e+00           0.000000e+00           0.000000e+00           0.000000e+00           0.000000e+00           0.000000e+00           0.000000e+00           2.814182e+00
        2.113489e-01           2.098250e+00           0.000000e+00           0.000000e+00           0.000000e+00           0.000000e+00           0.000000e+00           0.000000e+00           0.000000e+00           0.000000e+00           0.000000e+00           0.000000e+00           0.000000e+00           2.629367e+00
        2.238721e-01           2.222579e+00           0.000000e+00           0.000000e+00           0.000000e+00           0.000000e+00           0.000000e+00           0.000000e+00           0.000000e+00           0.000000e+00           0.000000e+00           0.000000e+00           0.000000e+00           4.302477e+00
        2.371374e-01           2.354275e+00           0.000000e+00           0.000000e+00           0.000000e+00           0.000000e+00           0.000000e+00           0.000000e+00           0.000000e+00           0.000000e+00           0.000000e+00           0.000000e+00           0.000000e+00           5.135677e+00
        2.511886e-01           2.493775e+00           0.000000e+00           0.000000e+00           0.000000e+00           0.000000e+00           0.000000e+00           0.000000e+00           0.000000e+00           0.000000e+00           0.000000e+00           0.000000e+00           0.000000e+00           6.560498e+00
        2.660725e-01           2.641540e+00           0.000000e+00           0.000000e+00           0.000000e+00           0.000000e+00           0.000000e+00           0.000000e+00           0.000000e+00           0.000000e+00           0.000000e+00           0.000000e+00           0.000000e+00           6.552322e+00
        2.818383e-01           2.798061e+00           0.000000e+00           0.000000e+00           0.000000e+00           0.000000e+00           0.000000e+00           0.000000e+00           0.000000e+00           0.000000e+00           0.000000e+00           0.000000e+00           0.000000e+00           1.735369e+01
        2.985383e-01           2.963857e+00           0.000000e+00           0.000000e+00           0.000000e+00           0.000000e+00           0.000000e+00           0.000000e+00           0.000000e+00           0.000000e+00           0.000000e+00           0.000000e+00           0.000000e+00           1.300844e+01
        3.162278e-01           3.139476e+00           0.000000e+00           0.000000e+00           0.000000e+00           0.000000e+00           0.000000e+00           0.000000e+00           0.000000e+00           0.000000e+00           0.000000e+00           0.000000e+00           0.000000e+00           1.952117e+01
        3.349654e-01           3.325502e+00           0.000000e+00           0.000000e+00           0.000000e+00           0.000000e+00           0.000000e+00           0.000000e+00           0.000000e+00           0.000000e+00           0.000000e+00           0.000000e+00           0.000000e+00           1.968580e+01
        3.548134e-01           3.522550e+00           0.000000e+00           0.000000e+00           0.000000e+00           0.000000e+00           0.000000e+00           0.000000e+00           0.000000e+00           0.000000e+00           0.000000e+00           0.000000e+00           0.000000e+00           2.071655e+01
        3.758374e-01           3.731274e+00           0.000000e+00           0.000000e+00           0.000000e+00           0.000000e+00           0.000000e+00           0.000000e+00           0.000000e+00           0.000000e+00           0.000000e+00           0.000000e+00           0.000000e+00           2.097931e+01
        3.981072e-01           3.952366e+00           0.000000e+00           0.000000e+00           0.000000e+00           0.000000e+00           0.000000e+00           0.000000e+00           0.000000e+00           0.000000e+00           0.000000e+00           0.000000e+00           0.000000e+00           2.120468e+01
        4.216965e-01           4.186559e+00           0.000000e+00           0.000000e+00           0.000000e+00           0.000000e+00           0.000000e+00           0.000000e+00           0.000000e+00           0.000000e+00           0.000000e+00           0.000000e+00           2.954326e+00           2.145513e+01
        4.466836e-01           4.434628e+00           0.000000e+00           0.000000e+00           0.000000e+00           0.000000e+00           0.000000e+00           0.000000e+00           0.000000e+00           0.000000e+00           0.000000e+00           0.000000e+00           3.419302e+00           2.235703e+01
        4.731513e-01           4.697396e+00           0.000000e+00           0.000000e+00           0.000000e+00           0.000000e+00           0.000000e+00           0.000000e+00           0.000000e+00           0.000000e+00           0.000000e+00           0.000000e+00           4.612407e+00           2.335110e+01
        5.011872e-01           4.975735e+00           0.000000e+00           0.000000e+00           0.000000e+00           0.000000e+00           0.000000e+00           0.000000e+00           0.000000e+00           0.000000e+00           0.000000e+00           0.000000e+00           5.148665e+00           2.333176e+01
        5.308844e-01           5.270565e+00           0.000000e+00           0.000000e+00           2.500428e+00           0.000000e+00           0.000000e+00           0.000000e+00           0.000000e+00           0.000000e+00           0.000000e+00           0.000000e+00           5.783751e+00           2.369928e+01
        5.623413e-01           5.582866e+00           0.000000e+00           0.000000e+00           2.952323e+00           0.000000e+00           0.000000e+00           0.000000e+00           0.000000e+00           0.000000e+00           0.000000e+00           0.000000e+00           6.553010e+00           2.373533e+01
        5.956621e-01           5.913672e+00           0.000000e+00           0.000000e+00           3.428221e+00           0.000000e+00           0.000000e+00           0.000000e+00           0.000000e+00           0.000000e+00           0.000000e+00           0.000000e+00           1.029069e+01           2.507768e+01
        6.309573e-01           6.264079e+00           0.000000e+00           0.000000e+00           4.446263e+00           0.000000e+00           0.000000e+00           0.000000e+00           0.000000e+00           0.000000e+00           0.000000e+00           0.000000e+00           1.584070e+01           2.539788e+01
        6.683439e-01           6.635249e+00           0.000000e+00           0.000000e+00           5.604361e+00           0.000000e+00           0.000000e+00           0.000000e+00           0.000000e+00           0.000000e+00           0.000000e+00           2.554886e+00           1.834737e+01           2.566777e+01
        7.079458e-01           7.028412e+00           0.000000e+00           0.000000e+00           6.730145e+00           0.000000e+00           0.000000e+00           0.000000e+00           0.000000e+00           0.000000e+00           0.000000e+00           3.367038e+00           1.980365e+01           2.623979e+01
        7.498942e-01           7.444871e+00           0.000000e+00           0.000000e+00           9.558000e+00           0.000000e+00           0.000000e+00           0.000000e+00           0.000000e+00           0.000000e+00           0.000000e+00           3.783812e+00           2.051355e+01           2.768161e+01
        7.943282e-01           7.886008e+00           0.000000e+00           0.000000e+00           1.361645e+01           0.000000e+00           0.000000e+00           0.000000e+00           0.000000e+00           0.000000e+00           0.000000e+00           4.863044e+00           2.102396e+01           2.780260e+01
        8.413951e-01           8.353283e+00           0.000000e+00           0.000000e+00           1.704930e+01           0.000000e+00           0.000000e+00           0.000000e+00           0.000000e+00           0.000000e+00           0.000000e+00           6.089075e+00           2.137898e+01           2.841315e+01
        8.912509e-01           8.848246e+00           0.000000e+00           0.000000e+00           1.947916e+01           0.000000e+00           0.000000e+00           0.000000e+00           0.000000e+00           0.000000e+00           0.000000e+00           7.175107e+00           2.158148e+01           2.883502e+01
        9.440609e-01           9.372538e+00           0.000000e+00           0.000000e+00           2.039429e+01           0.000000e+00           0.000000e+00           0.000000e+00           0.000000e+00           0.000000e+00           2.666422e+00           1.290722e+01           2.289554e+01           3.005137e+01
        1.000000e+00           9.927896e+00           0.000000e+00           0.000000e+00           2.076591e+01           0.000000e+00           0.000000e+00           0.000000e+00           0.000000e+00           0.000000e+00           2.953810e+00           1.353877e+01           2.318620e+01           3.097506e+01
        1.059254e+00           1.051616e+01           0.000000e+00           0.000000e+00           2.133932e+01           0.000000e+00           0.000000e+00           0.000000e+00           0.000000e+00           0.000000e+00           3.434358e+00           1.888714e+01           2.375096e+01           3.146119e+01
        1.122018e+00           1.113928e+01           0.000000e+00           0.000000e+00           2.167273e+01           0.000000e+00           0.000000e+00           0.000000e+00           0.000000e+00           0.000000e+00           4.582041e+00           1.976304e+01           2.472199e+01           3.287638e+01
        1.188502e+00           1.179933e+01           0.000000e+00           0.000000e+00           2.304454e+01           0.000000e+00           0.000000e+00           0.000000e+00           0.000000e+00           0.000000e+00           6.292955e+00           2.089891e+01           2.558718e+01           3.356471e+01
        1.258925e+00           1.249848e+01           1.949391e+00           0.000000e+00           2.337538e+01           0.000000e+00           0.000000e+00           0.000000e+00           0.000000e+00           1.949391e+00           6.672178e+00           2.103417e+01           2.578299e+01           3.501633e+01
        1.333521e+00           1.323906e+01           3.089738e+00           0.000000e+00           2.393203e+01           0.000000e+00           0.000000e+00           0.000000e+00           0.000000e+00           3.089738e+00           9.845567e+00           2.163802e+01           2.716962e+01           3.746719e+01
        1.412538e+00           1.402353e+01           3.417650e+00           0.000000e+00           2.508218e+01           0.000000e+00           0.000000e+00           0.000000e+00           0.000000e+00           3.417650e+00           1.384242e+01           2.240503e+01           2.784379e+01           3.917816e+01
        1.496236e+00           1.485447e+01           4.586539e+00           0.000000e+00           2.563306e+01           0.000000e+00           0.000000e+00           0.000000e+00           0.000000e+00           4.586539e+00           1.875868e+01           2.336040e+01           2.858321e+01           4.150431e+01
        1.584893e+00           1.573465e+01           6.303048e+00           0.000000e+00           2.682930e+01           0.000000e+00           0.000000e+00           0.000000e+00           0.000000e+00           6.303048e+00           2.008909e+01           2.398279e+01           3.008919e+01           4.369949e+01
        1.678804e+00           1.666699e+01           6.520330e+00           0.000000e+00           2.756037e+01           0.000000e+00           0.000000e+00           0.000000e+00           2.498687e+00           6.520330e+00           2.021944e+01           2.484941e+01           3.073349e+01           4.600739e+01
        1.778279e+00           1.765457e+01           9.378105e+00           0.000000e+00           2.819740e+01           0.000000e+00           0.000000e+00           0.000000e+00           3.134767e+00           9.378105e+00           2.118241e+01           2.543081e+01           3.175688e+01           4.640092e+01
        1.883649e+00           1.870067e+01           1.382108e+01           0.000000e+00           3.004863e+01           0.000000e+00           0.000000e+00           0.000000e+00           3.600802e+00           1.382108e+01           2.203198e+01           2.681424e+01           3.405196e+01           4.958466e+01
        1.995262e+00           1.980876e+01           1.733887e+01           0.000000e+00           3.052182e+01           0.000000e+00           0.000000e+00           0.000000e+00           4.277293e+00           1.733887e+01           2.284420e+01           2.762259e+01           3.516306e+01           5.055871e+01
        2.113489e+00           2.098250e+01           1.989290e+01           0.000000e+00           3.251230e+01           0.000000e+00           0.000000e+00           0.000000e+00           6.132173e+00           1.989290e+01           2.391437e+01           2.883455e+01           3.774731e+01           5.213080e+01
        2.238721e+00           2.222579e+01           2.044283e+01           0.000000e+00           3.362207e+01           0.000000e+00           0.000000e+00           2.666003e+00           6.796667e+00           2.044283e+01           2.486129e+01           2.999581e+01           4.003707e+01           5.418251e+01
        2.371374e+00           2.354275e+01           2.120140e+01           0.000000e+00           3.523162e+01           0.000000e+00           0.000000e+00           3.104316e+00           9.898138e+00           2.120140e+01           2.540333e+01           3.076834e+01           4.177358e+01           5.567048e+01
        2.511886e+00           2.493775e+01           2.222190e+01           2.332324e+00           3.858993e+01           0.000000e+00           0.000000e+00           3.773127e+00           1.453779e+01           2.222190e+01           2.657622e+01           3.307493e+01           4.490460e+01           5.938540e+01
        2.660725e+00           2.641540e+01           2.303561e+01           2.801951e+00           3.954440e+01           0.000000e+00           0.000000e+00           4.579042e+00           1.686377e+01           2.303561e+01           2.756849e+01           3.398859e+01           4.588379e+01           6.022497e+01
        2.818383e+00           2.798061e+01           2.459219e+01           3.481612e+00           4.342913e+01           0.000000e+00           0.000000e+00           6.647895e+00           2.024691e+01           2.459219e+01           2.944665e+01           3.733078e+01           4.876776e+01           6.298283e+01
        2.985383e+00           2.963857e+01           2.548884e+01           4.584676e+00           4.549158e+01           0.000000e+00           2.670099e+00           8.754661e+00           2.103778e+01           2.548884e+01           3.078254e+01           4.026103e+01           5.083228e+01           6.622990e+01
        3.162278e+00           3.139476e+01           2.666512e+01           5.789004e+00           4.861923e+01           0.000000e+00           3.125170e+00           1.178459e+01           2.190324e+01           2.666512e+01           3.299615e+01           4.341720e+01           5.355323e+01           6.902013e+01
        3.349654e+00           3.325502e+01           2.807567e+01           7.252599e+00           5.041003e+01           0.000000e+00           3.792046e+00           1.606522e+01           2.338176e+01           2.807567e+01           3.507314e+01           4.591361e+01           5.577564e+01           7.259616e+01
        3.548134e+00           3.522550e+01           2.927147e+01           9.243897e+00           5.249183e+01           0.000000e+00           4.874347e+00           1.898052e+01           2.415553e+01           2.927147e+01           3.760903e+01           4.767499e+01           5.790598e+01           7.542502e+01
        3.758374e+00           3.731274e+01           3.175832e+01           1.568061e+01           5.538227e+01           0.000000e+00           6.713426e+00           2.102934e+01           2.583567e+01           3.175832e+01           4.158809e+01           5.081579e+01           6.109408e+01           7.881964e+01
        3.981072e+00           3.952366e+01           3.398432e+01           1.928490e+01           5.859469e+01           0.000000e+00           9.252777e+00           2.197948e+01           2.727361e+01           3.398432e+01           4.439707e+01           5.329178e+01           6.500311e+01           8.161484e+01
        4.216965e+00           4.186559e+01           3.727163e+01           2.081847e+01           6.188892e+01           2.663820e+00           1.410804e+01           2.364967e+01           2.929777e+01           3.727163e+01           4.731275e+01           5.613227e+01           6.865167e+01           8.624457e+01
        4.466836e+00           4.434628e+01           3.944373e+01           2.153098e+01           6.291412e+01           3.126313e+00           1.711664e+01           2.472377e+01           3.037152e+01           3.944373e+01           4.863652e+01           5.751908e+01           7.061571e+01           8.829909e+01
        4.731513e+00           4.697396e+01           4.282015e+01           2.334065e+01           6.720181e+01           3.739885e+00           2.002556e+01           2.624562e+01           3.294340e+01           4.282015e+01           5.112650e+01           6.127273e+01           7.421231e+01           9.271335e+01
        5.011872e+00           4.975735e+01           4.646155e+01           2.469197e+01           7.039458e+01           5.785496e+00           2.140037e+01           2.799284e+01           3.610278e+01           4.646155e+01           5.477384e+01           6.426748e+01           7.728253e+01           9.602786e+01
        5.308844e+00           5.270565e+01           4.908174e+01           2.646084e+01           7.477264e+01           6.882264e+00           2.318490e+01           3.021353e+01           3.991438e+01           4.908174e+01           5.787326e+01           6.883311e+01           8.159262e+01           1.020553e+02
        5.623413e+00           5.582866e+01           5.123960e+01           2.797113e+01           7.814797e+01           9.712155e+00           2.432655e+01           3.174016e+01           4.240069e+01           5.123960e+01           5.999330e+01           7.175563e+01           8.522509e+01           1.051196e+02
        5.956621e+00           5.913672e+01           5.481959e+01           3.080849e+01           8.202302e+01           1.314783e+01           2.641783e+01           3.533719e+01           4.645004e+01           5.481959e+01           6.493124e+01           7.608824e+01           8.983834e+01           1.098769e+02
        6.309573e+00           6.264079e+01           5.798295e+01           3.255636e+01           8.628108e+01           1.618988e+01           2.816718e+01           3.826725e+01           4.886338e+01           5.798295e+01           6.839781e+01           7.938408e+01           9.365775e+01           1.142220e+02
        6.683439e+00           6.635249e+01           6.119319e+01           3.574494e+01           9.052006e+01           2.006752e+01           3.042210e+01           4.203944e+01           5.143971e+01           6.119319e+01           7.241239e+01           8.334710e+01           9.842648e+01           1.185130e+02
        7.079458e+00           7.028412e+01           6.532728e+01           3.956012e+01           9.603487e+01           2.209604e+01           3.315072e+01           4.537201e+01           5.506974e+01           6.532728e+01           7.660763e+01           8.876925e+01           1.041354e+02           1.259550e+02
        7.498942e+00           7.444871e+01           7.053491e+01           4.488926e+01           1.012782e+02           2.467463e+01           3.788148e+01           4.984611e+01           5.907519e+01           7.053491e+01           8.110430e+01           9.386997e+01           1.093940e+02           1.312281e+02
        7.943282e+00           7.886008e+01           7.538282e+01           4.772799e+01           1.068833e+02           2.668802e+01           4.166815e+01           5.297586e+01           6.401554e+01           7.538282e+01           8.678435e+01           9.956101e+01           1.149997e+02           1.380604e+02
        8.413951e+00           8.353283e+01           7.892586e+01           5.021926e+01           1.116343e+02           2.899557e+01           4.458481e+01           5.586456e+01           6.783940e+01           7.892586e+01           9.085289e+01           1.046290e+02           1.205857e+02           1.432661e+02
        8.912509e+00           8.848246e+01           8.364360e+01           5.458639e+01           1.161639e+02           3.125130e+01           4.859308e+01           6.082344e+01           7.237744e+01           8.364360e+01           9.524390e+01           1.085534e+02           1.258010e+02           1.499898e+02
        9.440609e+00           9.372538e+01           8.896648e+01           5.884572e+01           1.231532e+02           3.504879e+01           5.205187e+01           6.549475e+01           7.764243e+01           8.896648e+01           1.011608e+02           1.153620e+02           1.330322e+02           1.592805e+02
        1.000000e+01           9.927896e+01           9.454616e+01           6.347334e+01           1.299116e+02           4.001027e+01           5.626426e+01           7.040791e+01           8.272770e+01           9.454616e+01           1.068842e+02           1.217112e+02           1.383413e+02           1.633663e+02
        1.059254e+01           1.051616e+02           1.010659e+02           6.875042e+01           1.370889e+02           4.489199e+01           6.154223e+01           7.567952e+01           8.821087e+01           1.010659e+02           1.138200e+02           1.281334e+02           1.460711e+02           1.737254e+02
        1.122018e+01           1.113928e+02           1.066854e+02           7.428620e+01           1.437422e+02           4.894726e+01           6.648855e+01           8.127579e+01           9.357279e+01           1.066854e+02           1.201943e+02           1.350274e+02           1.528385e+02           1.805775e+02
        1.188502e+01           1.179933e+02           1.134938e+02           8.028222e+01           1.516975e+02           5.249848e+01           7.226604e+01           8.749105e+01           1.010734e+02           1.134938e+02           1.281621e+02           1.428911e+02           1.617862e+02           1.888435e+02
        1.258925e+01           1.249848e+02           1.212204e+02           8.485033e+01           1.607407e+02           5.775643e+01           7.726427e+01           9.273484e+01           1.069131e+02           1.212204e+02           1.352029e+02           1.519989e+02           1.720993e+02           2.004488e+02
        1.333521e+01           1.323906e+02           1.279104e+02           9.140255e+01           1.686454e+02           6.284099e+01           8.338409e+01           9.941114e+01           1.136940e+02           1.279104e+02           1.424595e+02           1.597248e+02           1.786972e+02           2.088458e+02
        1.412538e+01           1.402353e+02           1.348777e+02           9.786168e+01           1.779800e+02           6.677457e+01           8.935044e+01           1.053570e+02           1.203669e+02           1.348777e+02           1.502038e+02           1.675637e+02           1.887976e+02           2.189538e+02
        1.496236e+01           1.485447e+02           1.434454e+02           1.047284e+02           1.859703e+02           7.479723e+01           9.611418e+01           1.131554e+02           1.286381e+02           1.434454e+02           1.585599e+02           1.762748e+02           1.973281e+02           2.271046e+02
        1.584893e+01           1.573465e+02           1.519786e+02           1.135953e+02           1.955776e+02           8.104097e+01           1.046519e+02           1.211749e+02           1.368781e+02           1.519786e+02           1.681206e+02           1.854200e+02           2.076427e+02           2.374417e+02
        1.678804e+01           1.666699e+02           1.627530e+02           1.219058e+02           2.066777e+02           8.928686e+01           1.121964e+02           1.307503e+02           1.468901e+02           1.627530e+02           1.792317e+02           1.964539e+02           2.183132e+02           2.503420e+02
        1.778279e+01           1.765457e+02           1.721816e+02           1.302377e+02           2.175458e+02           9.624959e+01           1.200207e+02           1.393422e+02           1.558142e+02           1.721816e+02           1.880500e+02           2.069442e+02           2.298417e+02           2.624775e+02
        1.883649e+01           1.870067e+02           1.824734e+02           1.390061e+02           2.282978e+02           1.035991e+02           1.284688e+02           1.485837e+02           1.653613e+02           1.824734e+02           1.993799e+02           2.169039e+02           2.406058e+02           2.749273e+02
        1.995262e+01           1.980876e+02           1.923636e+02           1.477409e+02           2.412240e+02           1.119960e+02           1.374694e+02           1.576578e+02           1.752233e+02           1.923636e+02           2.097562e+02           2.302894e+02           2.537692e+02           2.893424e+02
        2.113489e+01           2.098250e+02           2.051743e+02           1.606057e+02           2.550117e+02           1.225577e+02           1.496004e+02           1.704614e+02           1.879767e+02           2.051743e+02           2.229339e+02           2.431371e+02           2.674611e+02           3.009486e+02
        2.238721e+01           2.222579e+02           2.178918e+02           1.697170e+02           2.691418e+02           1.300255e+02           1.582205e+02           1.792930e+02           1.992291e+02           2.178918e+02           2.364608e+02           2.570748e+02           2.824223e+02           3.194238e+02
        2.371374e+01           2.354275e+02           2.313937e+02           1.830733e+02           2.836834e+02           1.429812e+02           1.710378e+02           1.938076e+02           2.124061e+02           2.313937e+02           2.510726e+02           2.713751e+02           2.962721e+02           3.331432e+02
        2.511886e+01           2.493775e+02           2.438388e+02           1.948940e+02           2.989164e+02           1.542983e+02           1.833488e+02           2.049488e+02           2.253887e+02           2.438388e+02           2.640769e+02           2.861943e+02           3.123817e+02           3.515515e+02
        2.660725e+01           2.641540e+02           2.596865e+02           2.075590e+02           3.143263e+02           1.633962e+02           1.949553e+02           2.190301e+02           2.400388e+02           2.596865e+02           2.790380e+02           3.011697e+02           3.291851e+02           3.674209e+02
        2.818383e+01           2.798061e+02           2.753631e+02           2.224304e+02           3.314170e+02           1.791391e+02           2.109928e+02           2.338506e+02           2.543931e+02           2.753631e+02           2.959355e+02           3.187217e+02           3.463978e+02           3.854726e+02
        2.985383e+01           2.963857e+02           2.915443e+02           2.360178e+02           3.513804e+02           1.899365e+02           2.221729e+02           2.488107e+02           2.709865e+02           2.915443e+02           3.137699e+02           3.373165e+02           3.670274e+02           4.089503e+02
        3.162278e+01           3.139476e+02           3.094579e+02           2.529897e+02           3.708179e+02           2.071110e+02           2.399302e+02           2.650912e+02           2.875079e+02           3.094579e+02           3.323678e+02           3.566036e+02           3.877520e+02           4.288476e+02
        3.349654e+01           3.325502e+02           3.263246e+02           2.681131e+02           3.900902e+02           2.202184e+02           2.546306e+02           2.800778e+02           3.036987e+02           3.263246e+02           3.497737e+02           3.748565e+02           4.062305e+02           4.475779e+02
        3.548134e+01           3.522550e+02           3.480343e+02           2.867917e+02           4.108255e+02           2.369228e+02           2.728362e+02           3.000500e+02           3.245199e+02           3.480343e+02           3.712790e+02           3.966562e+02           4.260745e+02           4.710857e+02
        3.758374e+01           3.731274e+02           3.682889e+02           3.064024e+02           4.376014e+02           2.555500e+02           2.929129e+02           3.206447e+02           3.440042e+02           3.682889e+02           3.925267e+02           4.210260e+02           4.532732e+02           4.971189e+02
        3.981072e+01           3.952366e+02           3.919135e+02           3.276590e+02           4.575149e+02           2.725556e+02           3.113198e+02           3.417855e+02           3.676035e+02           3.919135e+02           4.166424e+02           4.428669e+02           4.736038e+02           5.194012e+02
        4.216965e+01           4.186559e+02           4.126825e+02           3.480439e+02           4.823931e+02           2.924234e+02           3.316187e+02           3.621568e+02           3.869174e+02           4.126825e+02           4.386756e+02           4.666314e+02           5.008597e+02           5.485812e+02
        4.466836e+01           4.434628e+02           4.406386e+02           3.731546e+02           5.127215e+02           3.153885e+02           3.558215e+02           3.872796e+02           4.143186e+02           4.406386e+02           4.665327e+02           4.959642e+02           5.312564e+02           5.820128e+02
        4.731513e+01           4.697396e+02           4.657310e+02           3.957167e+02           5.370393e+02           3.360087e+02           3.794103e+02           4.110756e+02           4.398770e+02           4.657310e+02           4.922544e+02           5.206144e+02           5.559452e+02           6.080918e+02
        5.011872e+01           4.975735e+02           4.934700e+02           4.206323e+02           5.684998e+02           3.604764e+02           4.037981e+02           4.375121e+02           4.657397e+02           4.934700e+02           5.198661e+02           5.502139e+02           5.880552e+02           6.413362e+02
        5.308844e+01           5.270565e+02           5.202986e+02           4.485526e+02           5.990695e+02           3.876818e+02           4.320657e+02           4.632816e+02           4.918443e+02           5.202986e+02           5.489483e+02           5.794046e+02           6.196045e+02           6.749323e+02
        5.623413e+01           5.582866e+02           5.522711e+02           4.759613e+02           6.298802e+02           4.088259e+02           4.561199e+02           4.910949e+02           5.225403e+02           5.522711e+02           5.809262e+02           6.128155e+02           6.489005e+02           7.033108e+02
        5.956621e+01           5.913672e+02           5.857927e+02           5.071802e+02           6.698032e+02           4.370564e+02           4.875836e+02           5.232749e+02           5.550749e+02           5.857927e+02           6.174009e+02           6.511418e+02           6.907288e+02           7.451582e+02
        6.309573e+01           6.264079e+02           6.197343e+02           5.407783e+02           7.076559e+02           4.715266e+02           5.206788e+02           5.592013e+02           5.899466e+02           6.197343e+02           6.515010e+02           6.863508e+02           7.298070e+02           7.874568e+02
        6.683439e+01           6.635249e+02           6.591786e+02           5.756181e+02           7.431749e+02           5.029884e+02           5.556509e+02           5.934143e+02           6.272604e+02           6.591786e+02           6.911883e+02           7.251335e+02           7.646989e+02           8.255087e+02
        7.079458e+01           7.028412e+02           6.999806e+02           6.118575e+02           7.862326e+02           5.400118e+02           5.917279e+02           6.311637e+02           6.666269e+02           6.999806e+02           7.314287e+02           7.659731e+02           8.111695e+02           8.728693e+02
        7.498942e+01           7.444871e+02           7.392035e+02           6.504689e+02           8.307497e+02           5.757888e+02           6.303859e+02           6.692148e+02           7.057633e+02           7.392035e+02           7.725565e+02           8.090011e+02           8.561893e+02           9.176775e+02
        7.943282e+01           7.886008e+02           7.864622e+02           6.944547e+02           8.827439e+02           6.158999e+02           6.715867e+02           7.136627e+02           7.497352e+02           7.864622e+02           8.209298e+02           8.610037e+02           9.059169e+02           9.701602e+02
        8.413951e+01           8.353283e+02           8.329153e+02           7.379118e+02           9.303947e+02           6.576022e+02           7.161853e+02           7.588134e+02           7.966752e+02           8.329153e+02           8.691758e+02           9.072403e+02           9.552266e+02           1.018098e+03
        8.912509e+01           8.848246e+02           8.819634e+02           7.834520e+02           9.830629e+02           7.000117e+02           7.602184e+02           8.052520e+02           8.458335e+02           8.819634e+02           9.205926e+02           9.603022e+02           1.008047e+03           1.076950e+03
        9.440609e+01           9.372538e+02           9.307864e+02           8.329610e+02           1.033144e+03           7.503044e+02           8.096302e+02           8.549104e+02           8.934977e+02           9.307864e+02           9.687632e+02           1.010738e+03           1.058474e+03           1.123850e+03
        1.000000e+02           9.927896e+02           9.884065e+02           8.856925e+02           1.094419e+03           7.980272e+02           8.599474e+02           9.087475e+02           9.497531e+02           9.884065e+02           1.028232e+03           1.069999e+03           1.119980e+03           1.192411e+03
        1.059254e+02           1.051616e+03           1.048799e+03           9.434893e+02           1.155899e+03           8.531318e+02           9.182296e+02           9.655480e+02           1.007662e+03           1.048799e+03           1.087657e+03           1.130739e+03           1.182787e+03           1.258365e+03
        1.122018e+02           1.113928e+03           1.108499e+03           1.003967e+03           1.225739e+03           9.095189e+02           9.781648e+02           1.027716e+03           1.068519e+03           1.108499e+03           1.153796e+03           1.199476e+03           1.253561e+03           1.328692e+03
        1.188502e+02           1.179933e+03           1.174661e+03           1.064563e+03           1.289620e+03           9.686583e+02           1.036881e+03           1.090739e+03           1.132776e+03           1.174661e+03           1.219541e+03           1.265147e+03           1.317679e+03           1.399367e+03
        1.258925e+02           1.249848e+03           1.243603e+03           1.128662e+03           1.363869e+03           1.028212e+03           1.098429e+03           1.153602e+03           1.200564e+03           1.243603e+03           1.289541e+03           1.336582e+03           1.392263e+03           1.472241e+03
        1.333521e+02           1.323906e+03           1.321037e+03           1.203983e+03           1.440014e+03           1.101360e+03           1.173835e+03           1.227665e+03           1.275537e+03           1.321037e+03           1.365824e+03           1.413620e+03           1.469474e+03           1.554796e+03
        1.412538e+02           1.402353e+03           1.397029e+03           1.275022e+03           1.523499e+03           1.171417e+03           1.246407e+03           1.302197e+03           1.349094e+03           1.397029e+03           1.444946e+03           1.496213e+03           1.556487e+03           1.640844e+03
        1.496236e+02           1.485447e+03           1.480404e+03           1.352252e+03           1.609175e+03           1.239066e+03           1.321578e+03           1.380051e+03           1.432210e+03           1.480404e+03           1.527621e+03           1.580175e+03           1.641443e+03           1.726876e+03
        1.584893e+02           1.573465e+03           1.569053e+03           1.444530e+03           1.700382e+03           1.332769e+03           1.414251e+03           1.470494e+03           1.521836e+03           1.569053e+03           1.615239e+03           1.670909e+03           1.732612e+03           1.827894e+03
        1.678804e+02           1.666699e+03           1.663855e+03           1.531309e+03           1.800140e+03           1.412654e+03           1.498314e+03           1.559346e+03           1.613795e+03           1.663855e+03           1.714067e+03           1.767332e+03           1.832674e+03           1.925981e+03
        1.778279e+02           1.765457e+03           1.761941e+03           1.626839e+03           1.901409e+03           1.506315e+03           1.592219e+03           1.656473e+03           1.711279e+03           1.761941e+03           1.813999e+03           1.869040e+03           1.937869e+03           2.034932e+03
        1.883649e+02           1.870067e+03           1.863658e+03           1.722783e+03           2.009920e+03           1.605926e+03           1.689348e+03           1.753073e+03           1.810486e+03           1.863658e+03           1.919678e+03           1.976339e+03           2.047187e+03           2.143049e+03
        1.995262e+02           1.980876e+03           1.968466e+03           1.829222e+03           2.121794e+03           1.694146e+03           1.791850e+03           1.860138e+03           1.914913e+03           1.968466e+03           2.025234e+03           2.087672e+03           2.160143e+03           2.260502e+03
        2.113489e+02           2.098250e+03           2.090045e+03           1.938598e+03           2.248304e+03           1.809417e+03           1.903012e+03           1.971670e+03           2.032928e+03           2.090045e+03           2.147713e+03           2.213961e+03           2.284728e+03           2.385281e+03
        2.238721e+02           2.222579e+03           2.214576e+03           2.061200e+03           2.373474e+03           1.931310e+03           2.024001e+03           2.095103e+03           2.154139e+03           2.214576e+03           2.273454e+03           2.337126e+03           2.409855e+03           2.515637e+03
        2.371374e+02           2.354275e+03           2.354634e+03           2.195333e+03           2.514871e+03           2.056496e+03           2.156797e+03           2.232032e+03           2.293931e+03           2.354634e+03           2.412394e+03           2.478013e+03           2.555631e+03           2.662766e+03
        2.511886e+02           2.493775e+03           2.487384e+03           2.316801e+03           2.650079e+03           2.176124e+03           2.279007e+03           2.357378e+03           2.421372e+03           2.487384e+03           2.548765e+03           2.615149e+03           2.693530e+03           2.800489e+03
        2.660725e+02           2.641540e+03           2.639794e+03           2.472712e+03           2.809408e+03           2.320999e+03           2.430542e+03           2.511325e+03           2.578305e+03           2.639794e+03           2.701985e+03           2.772076e+03           2.852382e+03           2.963098e+03
        2.818383e+02           2.798061e+03           2.793111e+03           2.620910e+03           2.968755e+03           2.464158e+03           2.577540e+03           2.660378e+03           2.729627e+03           2.793111e+03           2.857046e+03           2.929584e+03           3.016035e+03           3.125256e+03
        2.985383e+02           2.963857e+03           2.955307e+03           2.778326e+03           3.136493e+03           2.625215e+03           2.737132e+03           2.816786e+03           2.887218e+03           2.955307e+03           3.026044e+03           3.096335e+03           3.182232e+03           3.305894e+03
        3.162278e+02           3.139476e+03           3.135432e+03           2.952059e+03           3.321554e+03           2.787251e+03           2.908056e+03           2.992103e+03           3.065409e+03           3.135432e+03           3.202461e+03           3.279666e+03           3.365556e+03           3.495443e+03
        3.349654e+02           3.325502e+03           3.318869e+03           3.130198e+03           3.512388e+03           2.968055e+03           3.083919e+03           3.172855e+03           3.248084e+03           3.318869e+03           3.391445e+03           3.468036e+03           3.566077e+03           3.692033e+03
        3.548134e+02           3.522550e+03           3.521276e+03           3.329722e+03           3.712780e+03           3.150675e+03           3.280883e+03           3.370228e+03           3.446983e+03           3.521276e+03           3.592126e+03           3.668363e+03           3.764525e+03           3.892234e+03
        3.758374e+02           3.731274e+03           3.736499e+03           3.531835e+03           3.933143e+03           3.355497e+03           3.486277e+03           3.577997e+03           3.658692e+03           3.736499e+03           3.807658e+03           3.889589e+03           3.981724e+03           4.119255e+03
        3.981072e+02           3.952366e+03           3.947499e+03           3.743222e+03           4.158288e+03           3.557259e+03           3.691095e+03           3.790350e+03           3.873539e+03           3.947499e+03           4.030518e+03           4.111065e+03           4.212317e+03           4.352809e+03
        4.216965e+02           4.186559e+03           4.183768e+03           3.980630e+03           4.401464e+03           3.787369e+03           3.923747e+03           4.026422e+03           4.105693e+03           4.183768e+03           4.268939e+03           4.354612e+03           4.452988e+03           4.592652e+03
        4.466836e+02           4.434628e+03           4.427942e+03           4.209717e+03           4.653598e+03           4.017766e+03           4.155802e+03           4.256113e+03           4.344251e+03           4.427942e+03           4.510743e+03           4.601980e+03           4.709603e+03           4.861544e+03
        4.731513e+02           4.697396e+03           4.691311e+03           4.464323e+03           4.923104e+03           4.264265e+03           4.411352e+03           4.516505e+03           4.611561e+03           4.691311e+03           4.775855e+03           4.869834e+03           4.977922e+03           5.127198e+03
        5.011872e+02           4.975735e+03           4.979558e+03           4.746979e+03           5.206370e+03           4.538772e+03           4.690733e+03           4.798219e+03           4.891332e+03           4.979558e+03           5.067929e+03           5.156209e+03           5.265837e+03           5.422634e+03
        5.308844e+02           5.270565e+03           5.266202e+03           5.030834e+03           5.509663e+03           4.821496e+03           4.970516e+03           5.085926e+03           5.174858e+03           5.266202e+03           5.360365e+03           5.455561e+03           5.569092e+03           5.728745e+03
        5.623413e+02           5.582866e+03           5.585206e+03           5.342508e+03           5.831178e+03           5.132417e+03           5.284463e+03           5.397224e+03           5.492502e+03           5.585206e+03           5.678090e+03           5.775970e+03           5.896248e+03           6.056520e+03
        5.956621e+02           5.913672e+03           5.915567e+03           5.660636e+03           6.164713e+03           5.438975e+03           5.598010e+03           5.718562e+03           5.816742e+03           5.915567e+03           6.009103e+03           6.110087e+03           6.229862e+03           6.402136e+03
        6.309573e+02           6.264079e+03           6.261552e+03           5.993353e+03           6.526322e+03           5.766105e+03           5.931394e+03           6.051468e+03           6.156682e+03           6.261552e+03           6.360873e+03           6.464012e+03           6.591442e+03           6.769532e+03
        6.683439e+02           6.635249e+03           6.632563e+03           6.366975e+03           6.903131e+03           6.122670e+03           6.299605e+03           6.426601e+03           6.531562e+03           6.632563e+03           6.732375e+03           6.839575e+03           6.969727e+03           7.151882e+03
        7.079458e+02           7.028412e+03           7.022543e+03           6.749671e+03           7.301170e+03           6.509320e+03           6.677912e+03           6.811492e+03           6.917108e+03           7.022543e+03           7.128650e+03           7.236375e+03           7.369730e+03           7.552595e+03
        7.498942e+02           7.444871e+03           7.439820e+03           7.152763e+03           7.742327e+03           6.906936e+03           7.083790e+03           7.216623e+03           7.331515e+03           7.439820e+03           7.552492e+03           7.672005e+03           7.811358e+03           7.993909e+03
        7.943282e+02           7.886008e+03           7.889090e+03           7.588948e+03           8.186458e+03           7.329951e+03           7.519167e+03           7.653769e+03           7.772579e+03           7.889090e+03           7.998435e+03           8.118330e+03           8.260315e+03           8.445225e+03
        8.413951e+02           8.353283e+03           8.347811e+03           8.045877e+03           8.654062e+03           7.787542e+03           7.974370e+03           8.116568e+03           8.233797e+03           8.347811e+03           8.458249e+03           8.582604e+03           8.729827e+03           8.921320e+03
        8.912509e+02           8.848246e+03           8.843771e+03           8.538918e+03           9.147344e+03           8.254949e+03           8.463094e+03           8.608861e+03           8.735833e+03           8.843771e+03           8.960512e+03           9.078577e+03           9.224690e+03           9.438009e+03
        9.440609e+02           9.372538e+03           9.371293e+03           9.057321e+03           9.684904e+03           8.774704e+03           8.976783e+03           9.123947e+03           9.257041e+03           9.371293e+03           9.491519e+03           9.615951e+03           9.761942e+03           9.962764e+03
        1.000000e+03           9.927896e+03           9.918219e+03           9.598821e+03           1.023790e+04           9.303555e+03           9.517591e+03           9.668208e+03           9.794159e+03           9.918219e+03           1.003969e+04           1.016581e+04           1.032315e+04           1.054359e+04
