                           1                            2                            3                            4 
              version_number             initial_don_mass             initial_acc_mass          initial_period_days 
                        9669      1.5848931924600000E+001      8.3206892604200000E+000      3.1622776601700002E+003 

                               1                                2                                3                                4                                5                                6                                7                                8                                9                               10                               11                               12                               13                               14                               15                               16                               17                               18                               19                               20                               21 
                    model_number                              age                      period_days                binary_separation                          v_orb_1                          v_orb_2                    star_1_radius                    star_2_radius                             rl_1                             rl_2                      star_1_mass                      star_2_mass                   lg_mstar_dot_1                   lg_mstar_dot_2                 lg_system_mdot_1                 lg_system_mdot_2                   lg_wind_mdot_1                   lg_wind_mdot_2                    xfer_fraction                            J_orb                             Jdot 
                               5          4.7943350434134192E+002          3.1622788542694407E+003          2.6206567650474994E+003          1.4439839785433042E+001          2.7504451959399798E+001          5.1506670884479178E+000          3.5760296691083417E+000          1.1417181376015678E+003          8.5102425867566023E+002          1.5848927985075642E+001          8.3206886366316262E+000         -8.1170495440392525E+000         -8.9255202857221114E+000         -9.8999999999999986E+001         -9.8999999999999986E+001         -8.1170495440392525E+000         -8.9255202857221114E+000          1.0000000000000009E-002          8.3032405677652526E+054         -6.8263439826023221E+037 
                              10          1.3276323229150194E+003          3.1622806246479772E+003          2.6206574986250912E+003          1.4439838175478771E+001          2.7504441828257459E+001          5.2103790744404304E+000          3.6025040488631541E+000          1.1417183972896410E+003          8.5102455154398831E+002          1.5848922147193575E+001          8.3206877089254458E+000         -8.1855677589186193E+000         -8.9819085659179638E+000         -9.8999999999999986E+001         -9.8999999999999986E+001         -8.1855677589186193E+000         -8.9819085659179638E+000          1.0000000000000009E-002          8.3032389077956943E+054         -5.8895614174803334E+037 
                              15          3.1624643071192731E+003          3.1622840504551177E+003          2.6206589181487984E+003          1.4439835224402719E+001          2.7504422059512599E+001          5.2481686494175692E+000          3.6373577866808762E+000          1.1417188957573724E+003          8.5102512195638928E+002          1.5848910755822473E+001          8.3206860084227507E+000         -8.2083426662603820E+000         -9.0616310924576329E+000         -9.8999999999999986E+001         -9.8999999999999986E+001         -8.2083426662603820E+000         -9.0616310924576329E+000          1.0000000000000009E-002          8.3032357405156496E+054         -5.3365784991403994E+037 
                               5          4.7943350434134192E+002          3.1622788542694407E+003          2.6206567650474994E+003          1.4439839785433042E+001          2.7504451959399798E+001          5.1506670884479178E+000          3.5760296691083417E+000          1.1417181376015678E+003          8.5102425867566023E+002          1.5848927985075642E+001          8.3206886366316262E+000         -8.1170495440392525E+000         -8.9255202857221114E+000         -9.8999999999999986E+001         -9.8999999999999986E+001         -8.1170495440392525E+000         -8.9255202857221114E+000          1.0000000000000009E-002          8.3032405677652526E+054         -6.8263439826023221E+037 
                              10          1.3276323229150194E+003          3.1622806246479772E+003          2.6206574986250912E+003          1.4439838175478771E+001          2.7504441828257459E+001          5.2103790744404304E+000          3.6025040488631541E+000          1.1417183972896410E+003          8.5102455154398831E+002          1.5848922147193575E+001          8.3206877089254458E+000         -8.1855677589186193E+000         -8.9819085659179638E+000         -9.8999999999999986E+001         -9.8999999999999986E+001         -8.1855677589186193E+000         -8.9819085659179638E+000          1.0000000000000009E-002          8.3032389077956943E+054         -5.8895614174803334E+037 
                              15          3.1624643071192731E+003          3.1622840504551177E+003          2.6206589181487984E+003          1.4439835224402719E+001          2.7504422059512599E+001          5.2481686494175692E+000          3.6373577866808762E+000          1.1417188957573724E+003          8.5102512195638928E+002          1.5848910755822473E+001          8.3206860084227507E+000         -8.2083426662603820E+000         -9.0616310924576329E+000         -9.8999999999999986E+001         -9.8999999999999986E+001         -8.2083426662603820E+000         -9.0616310924576329E+000          1.0000000000000009E-002          8.3032357405156496E+054         -5.3365784991403994E+037 
                              20          7.1340502229831282E+003          3.1622922319964837E+003          2.6206623082640344E+003          1.4439829815569324E+001          2.7504373208827023E+001          5.2314047280333886E+000          3.6784951787863704E+000          1.1417200458326415E+003          8.5102652104621154E+002          1.5848882606523558E+001          8.3206828916824804E+000         -8.1049014838897069E+000         -9.1233807424270061E+000         -9.8999999999999986E+001         -9.8999999999999986E+001         -8.1049014838897069E+000         -9.1233807424270061E+000          1.0000000000000009E-002          8.3032286240561844E+054         -6.0494723898725742E+037 
                              25          1.3269534954226901E+004          3.1623077690830241E+003          2.6206687462211949E+003          1.4439821502204031E+001          2.7504278481689621E+001          5.1304051425696864E+000          3.7397880760769944E+000          1.1417221816357776E+003          8.5102922197332316E+002          1.5848828021769396E+001          8.3206781012573838E+000         -8.0385614313015701E+000         -9.0834936840103424E+000         -9.8999999999999986E+001         -9.8999999999999986E+001         -8.0385614313015701E+000         -9.0834936840103424E+000          1.0000000000000009E-002          8.3032156445005565E+054         -6.9404332731885999E+037 
                              30          2.0531533505997886E+004          3.1623264939688547E+003          2.6206765050558956E+003          1.4439808755262382E+001          2.7504167047951249E+001          5.0792438999992138E+000          3.7701361139931970E+000          1.1417248228311275E+003          8.5103241575551147E+002          1.5848763810146364E+001          8.3206707560658142E+000         -8.0650074057488013E+000         -8.9357054430457534E+000         -9.8999999999999986E+001         -9.8999999999999986E+001         -8.0650074057488013E+000         -8.9357054430457534E+000          1.0000000000000009E-002          8.3031992568705132E+054         -7.3250131544459390E+037 
                              35          2.9031726652667214E+004          3.1623483647834587E+003          2.6206855674071903E+003          1.4439788476545466E+001          2.7504042284051437E+001          5.0736825449085456E+000          3.7289012852057772E+000          1.1417280405231197E+003          8.5103602498770056E+002          1.5848691917266615E+001          8.3206590708293184E+000         -8.0755880806223939E+000         -8.8221611568182485E+000         -9.8999999999999986E+001         -9.8999999999999986E+001         -8.0755880806223939E+000         -8.8221611568182485E+000          1.0000000000000009E-002          8.3031786438595581E+054         -7.9250296790941237E+037 
                              40          4.0839833119231298E+004          3.1623792417993795E+003          2.6206983614983405E+003          1.4439755531388828E+001          2.7503870461928653E+001          5.0782588334575651E+000          3.6307420047050942E+000          1.1417326895183692E+003          8.5104102346652360E+002          1.5848592907958221E+001          8.3206400867906005E+000         -8.0766321159575654E+000         -8.7915839026587914E+000         -9.8999999999999986E+001         -9.8999999999999986E+001         -8.0766321159575654E+000         -8.7915839026587914E+000          1.0000000000000009E-002          8.3031483640142291E+054         -8.1413049407745111E+037 
                              45          6.7185726119168932E+004          3.1624470012268375E+003          2.6207264378326840E+003          1.4439689505347120E+001          2.7503487137851078E+001          5.0885891247341997E+000          3.5399066500015945E+000          1.1417427371556844E+003          8.5105213343771652E+002          1.5848372024532686E+001          8.3206020404786329E+000         -8.0765016050293674E+000         -8.8706440764421135E+000         -9.8999999999999986E+001         -9.8999999999999986E+001         -8.0765016050293674E+000         -8.8706440764421135E+000          1.0000000000000009E-002          8.3030836289322174E+054         -7.5851361431901596E+037 
                              50          1.2897762324164974E+005          3.1626033922027714E+003          2.6207912377627599E+003          1.4439552064512618E+001          2.7502587518713536E+001          5.1114886505273356E+000          3.5386058537209459E+000          1.1417655588100356E+003          8.5107811106959252E+002          1.5847853635366212E+001          8.3205228425485274E+000         -8.0760880553900574E+000         -8.8948220080175044E+000         -9.8999999999999986E+001         -9.8999999999999986E+001         -8.0760880553900574E+000         -8.8948220080175044E+000          1.0000000000000009E-002          8.3029383053782273E+054         -7.4385685688059620E+037 
                              55          2.0907510605191428E+005          3.1628063129608286E+003          2.6208753147093626E+003          1.4439374712028531E+001          2.7501419377371171E+001          5.1391921692966918E+000          3.5450821294095189E+000          1.1417951454588163E+003          8.5111183867875650E+002          1.5847180515029775E+001          8.3204206461413985E+000         -8.0750949023277148E+000         -8.8938494685489875E+000         -9.8999999999999986E+001         -9.8999999999999986E+001         -8.0750949023277148E+000         -8.8938494685489875E+000          1.0000000000000009E-002          8.3027500212539737E+054         -7.4556083665344501E+037 
                              60          2.9025521937160229E+005          3.1630125565614394E+003          2.6209607656576018E+003          1.4439194633699097E+001          2.7500232061975833E+001          5.1655211157206127E+000          3.5513868450693544E+000          1.1418252112637010E+003          8.5114612147113951E+002          1.5846496345980510E+001          8.3203168790050785E+000         -8.0737060789875450E+000         -8.8930815239603671E+000         -9.8999999999999986E+001         -9.8999999999999986E+001         -8.0737060789875450E+000         -8.8930815239603671E+000          1.0000000000000009E-002          8.3025587129353454E+054         -7.4758325204184414E+037 
                              65          3.7460788146212441E+005          3.1632276216853329E+003          2.6210498685738635E+003          1.4439007173964097E+001          2.7498993783739003E+001          5.1914493679715408E+000          3.5577969090041917E+000          1.1418565541412574E+003          8.5118187663467029E+002          1.5845782810482916E+001          8.3202088584395639E+000         -8.0719666286082177E+000         -8.8922632843816203E+000         -9.8999999999999986E+001         -9.8999999999999986E+001         -8.0719666286082177E+000         -8.8922632843816203E+000          1.0000000000000009E-002          8.3023593205650590E+054         -7.5003377427241455E+037 
                              70          4.6211504954096139E+005          3.1634516819865207E+003          2.6211426950276632E+003          1.4438812320402411E+001          2.7497703421916160E+001          5.2171449375269106E+000          3.5643069806935732E+000          1.1418891958471786E+003          8.5121913601229880E+002          1.5845039262724701E+001          8.3200965772852449E+000         -8.0698804822500136E+000         -8.8913819030565584E+000         -9.8999999999999986E+001         -9.8999999999999986E+001         -8.0698804822500136E+000         -8.8913819030565584E+000          1.0000000000000009E-002          8.3021517224679686E+054         -7.5292084625369697E+037 
                              75          5.5131365356003132E+005          3.1636811931408597E+003          2.6212377763177669E+003          1.4438613284950709E+001          2.7496381273790188E+001          5.2423409938553975E+000          3.5708077952450576E+000          1.1419226167325310E+003          8.5125731300061898E+002          1.5844277398659550E+001          8.3199818863726325E+000         -8.0675168371594115E+000         -8.8904565391542754E+000         -9.8999999999999986E+001         -9.8999999999999986E+001         -8.0675168371594115E+000         -8.8904565391542754E+000          1.0000000000000009E-002          8.3019392391214687E+054         -7.5616042437808425E+037 
                              80          6.4165234593624703E+005          3.1639148993053000E+003          2.6213345919603426E+003          1.4438411264980829E+001          2.7495034476018549E+001          5.2670508528780795E+000          3.5772652132277929E+000          1.1419566311802491E+003          8.5129620105166100E+002          1.5843501330661034E+001          8.3198654756689798E+000         -8.0649250982124130E+000         -8.8894957991404500E+000         -9.8999999999999986E+001         -9.8999999999999986E+001         -8.0649250982124130E+000         -8.8894957991404500E+000          1.0000000000000009E-002          8.3017230635475834E+054         -7.5969651738892678E+037 
                              85          7.3436530491051590E+005          3.1641561662575555E+003          2.6214345359981585E+003          1.4438203462675938E+001          2.7493643533691930E+001          5.2917326499532287E+000          3.5837696395443652E+000          1.1419917262115609E+003          8.5133636262474067E+002          1.5842699825123832E+001          8.3197457329702438E+000         -8.0620843000288698E+000         -8.8884855027826166E+000         -9.8999999999999986E+001         -9.8999999999999986E+001         -8.0620843000288698E+000         -8.8884855027826166E+000          1.0000000000000009E-002          8.3015001138753507E+054         -7.6356694965564321E+037 
                              90          8.2818538364353788E+005          3.1644018719906567E+003          2.6215363148683577E+003          1.4437992678782388E+001          2.7492226347465412E+001          5.3161543964194014E+000          3.5902429317951872E+000          1.1420274448411801E+003          8.5137728043013124E+002          1.5841883196989150E+001          8.3196242721660081E+000         -8.0590455866444959E+000         -8.8874405661217075E+000         -9.8999999999999986E+001         -9.8999999999999986E+001         -8.0590455866444959E+000         -8.8874405661217075E+000          1.0000000000000009E-002          8.3012733066271962E+054         -7.6770947431738107E+037 
                              95          9.2263106121756870E+005          3.1646508861605616E+003          2.6216394601618053E+003          1.4437779969148487E+001          2.7490789359722456E+001          5.3402886784579628E+000          3.5966525964923148E+000          1.1420636205584592E+003          8.5141876809627706E+002          1.5841055158568231E+001          8.3195017016732837E+000         -8.0558434493492808E+000         -8.8863656019598238E+000         -9.8999999999999986E+001         -9.8999999999999986E+001         -8.0558434493492808E+000         -8.8863656019598238E+000          1.0000000000000009E-002          8.3010437093830451E+054         -7.7208635325393521E+037 
                             100          1.0182552987028934E+006          3.1649047955086239E+003          2.6217446289287482E+003          1.4437564061732104E+001          2.7489323340074893E+001          5.3643534092173173E+000          3.6030408166180194E+000          1.1421004817504383E+003          8.5146109178496260E+002          1.5840210391007856E+001          8.3193772884941204E+000         -8.0524714236975594E+000         -8.8852558011643001E+000         -9.8999999999999986E+001         -9.8999999999999986E+001         -8.0524714236975594E+000         -8.8852558011643001E+000          1.0000000000000009E-002          8.3008098825747289E+054         -7.7671278866367439E+037 
                             105          1.1140196190751099E+006          3.1651609582427159E+003          2.6218507267677064E+003          1.4437347278030053E+001          2.7487843475076492E+001          5.3881743697860083E+000          3.6093470469971218E+000          1.1421376429799896E+003          8.5150381276354528E+002          1.5839357645297557E+001          8.3192523703587806E+000         -8.0489802915505244E+000         -8.8841247978716993E+000         -9.8999999999999986E+001         -9.8999999999999986E+001         -8.0489802915505244E+000         -8.8841247978716993E+000          1.0000000000000009E-002          8.3005742801641068E+054         -7.8152540807212977E+037 
                             110          1.2103813586139195E+006          3.1654206903352624E+003          2.6219582985833267E+003          1.4437128566199139E+001          2.7486342107443729E+001          5.4119315706717579E+000          3.6156093498197315E+000          1.1421752935739194E+003          8.5154715183770554E+002          1.5838492509058421E+001          8.3191263411559238E+000         -8.0453699587072478E+000         -8.8829706701308204E+000         -9.8999999999999986E+001         -9.8999999999999986E+001         -8.0453699587072478E+000         -8.8829706701308204E+000          1.0000000000000009E-002          8.3003357091601749E+054         -7.8652939425217549E+037 
                             115          1.3077597217382330E+006          3.1656852402139516E+003          2.6220678612159368E+003          1.4436906949393579E+001          2.7484811956511326E+001          5.4357689733094343E+000          3.6218551374516528E+000          1.1422136125896936E+003          8.5159131891495281E+002          1.5837610786930805E+001          8.3189986379901093E+000         -8.0416280657712651E+000         -8.8817857089595869E+000         -9.8999999999999986E+001         -9.8999999999999986E+001         -8.0416280657712651E+000         -8.8817857089595869E+000          1.0000000000000009E-002          8.3000930438827542E+054         -7.9174842549593059E+037 
                             120          1.4044295735382899E+006          3.1659500013024144E+003          2.6221775067365070E+003          1.4436686339371718E+001          2.7483279620055580E+001          5.4593303927743744E+000          3.6279785426193270E+000          1.1422519314322471E+003          8.5163554606081368E+002          1.5836727805427484E+001          8.3188715149600778E+000         -8.0378062981269007E+000         -8.8805857679510716E+000         -9.8999999999999986E+001         -9.8999999999999986E+001         -8.0378062981269007E+000         -8.8805857679510716E+000          1.0000000000000009E-002          8.2998505246782648E+054         -7.9711438777941414E+037 
                             125          1.5006566043888936E+006          3.1662157246216620E+003          2.6222875461351678E+003          1.4436466131391800E+001          2.7481740731824608E+001          5.4827148311049481E+000          3.6340107063804616E+000          1.1422903582613765E+003          8.5167995919734869E+002          1.5835841048570231E+001          8.3187446235910141E+000         -8.0339338981217381E+000         -8.8793800118161403E+000         -9.8999999999999986E+001         -9.8999999999999986E+001         -8.0339338981217381E+000         -8.8793800118161403E+000          1.0000000000000009E-002          8.2996074694071542E+054         -8.0258894500311030E+037 
                             130          1.5956316307575034E+006          3.1664801791223490E+003          2.6223970555154360E+003          1.4436248183622325E+001          2.7480208202847244E+001          5.5057740064281662E+000          3.6399037303286006E+000          1.1423285702087992E+003          8.5172418564400004E+002          1.5834957956118700E+001          8.3186190346283251E+000         -8.0300475485955314E+000         -8.8781759726931657E+000         -9.8999999999999986E+001         -9.8999999999999986E+001         -8.0300475485955314E+000         -8.8781759726931657E+000          1.0000000000000009E-002          8.2993659212478882E+054         -8.0812415164182141E+037 
                             135          1.6913490191756103E+006          3.1667489524286480E+003          2.6225083486053190E+003          1.4436027916227923E+001          2.7478649631106951E+001          5.5290082851665820E+000          3.6457809096617564E+000          1.1423673739944129E+003          8.5176916039602202E+002          1.5834059856963975E+001          8.3184921090006174E+000         -8.0260759292746773E+000         -8.8769509791251231E+000         -9.8999999999999986E+001         -9.8999999999999986E+001         -8.0260759292746773E+000         -8.8769509791251231E+000          1.0000000000000009E-002          8.2991207836231290E+054         -8.1382411574582042E+037 
                             140          1.7876663967439018E+006          3.1670217484422201E+003          2.6226213025778507E+003          1.4435805635081339E+001          2.7477066680908507E+001          5.5524386777682597E+000          3.6516432807352071E+000          1.1424067252277430E+003          8.5181483524860221E+002          1.5833147710132202E+001          8.3183640229621627E+000         -8.0220124904050127E+000         -8.8757035328413370E+000         -9.8999999999999986E+001         -9.8999999999999986E+001         -8.0220124904050127E+000         -8.8757035328413370E+000          1.0000000000000009E-002          8.2988723445746795E+054         -8.1970142398155104E+037 
                             145          1.8843625297231437E+006          3.1672980326398601E+003          2.6227356959081972E+003          1.4435581832883559E+001          2.7475462406344199E+001          5.5760088841832749E+000          3.6574799698668636E+000          1.1424465453167231E+003          8.5186112191954419E+002          1.5832223275491041E+001          8.3182350604247564E+000         -8.0178773963009728E+000         -8.8744389820151799E+000         -9.8999999999999986E+001         -9.8999999999999986E+001         -8.0178773963009728E+000         -8.8744389820151799E+000          1.0000000000000009E-002          8.2986211071568413E+054         -8.2573096092190456E+037 
                             150          1.9824701591148854E+006          3.1675808764731123E+003          2.6228528000331730E+003          1.4435354093002251E+001          2.7473818914339162E+001          5.6000311978471204E+000          3.6633525106224889E+000          1.1424872750774632E+003          8.5190853648398468E+002          1.5831276242458502E+001          8.3181038288327649E+000         -8.0136384799951603E+000         -8.8731460043687900E+000         -9.8999999999999986E+001         -9.8999999999999986E+001         -8.0136384799951603E+000         -8.8731460043687900E+000          1.0000000000000009E-002          8.2983642987328546E+054         -8.3196446868201148E+037 
                             155          2.0807083351266927E+006          3.1678667053859813E+003          2.6229711347394009E+003          1.4435125363471247E+001          2.7472156917926505E+001          5.6242064907637133E+000          3.6691876967337778E+000          1.1425283979481349E+003          8.5195648119820737E+002          1.5830318546567490E+001          8.3179720269533490E+000         -8.0093279120517735E+000         -8.8718338539500934E+000         -9.8999999999999986E+001         -9.8999999999999986E+001         -8.0093279120517735E+000         -8.8718338539500934E+000          1.0000000000000009E-002          8.2981051847824390E+054         -8.3835883218565894E+037 
                             160          2.1799167606561570E+006          3.1681580614537620E+003          2.6230917522200825E+003          1.4434893670151499E+001          2.7470461587093183E+001          5.6487611194728187E+000          3.6750419644004682E+000          1.1425702780876557E+003          8.5200538373538404E+002          1.5829341642272546E+001          8.3178385172116034E+000         -8.0049284806127137E+000         -8.8704986147403009E+000         -9.8999999999999986E+001         -9.8999999999999986E+001         -8.0049284806127137E+000         -8.8704986147403009E+000          1.0000000000000009E-002          8.2978414779870694E+054         -8.4494264896803085E+037 
                             165          2.2803110968762743E+006          3.1684557233618207E+003          2.6232149745024972E+003          1.4434658477470428E+001          2.7468728323339334E+001          5.6737790044171525E+000          3.6809233206784744E+000          1.1426130252343928E+003          8.5205537655342948E+002          1.5828342879763493E+001          8.3177029909883782E+000         -8.0004537101292144E+000         -8.8691419804307170E+000         -9.8999999999999986E+001         -9.8999999999999986E+001         -8.0004537101292144E+000         -8.8691419804307170E+000          1.0000000000000009E-002          8.2975724974983430E+054         -8.5170137901602004E+037 
                             170          2.3821217440359602E+006          3.1687605435218429E+003          2.6233411540642924E+003          1.4434419208379341E+001          2.7466952085427874E+001          5.6993427659119389E+000          3.6868500803676354E+000          1.1426567592748395E+003          8.5210660484425375E+002          1.5827319354109877E+001          8.3175651157640598E+000         -7.9958451225624403E+000         -8.8677473737421604E+000         -9.8999999999999986E+001         -9.8999999999999986E+001         -7.9958451225624403E+000         -8.8677473737421604E+000          1.0000000000000009E-002          8.2972975006603361E+054         -8.5872747941871313E+037 
                             175          2.4830831315766159E+006          3.1690658299239940E+003          2.6234675205419921E+003          1.4434181171195767E+001          2.7465171824212703E+001          5.7249056985691826E+000          3.6926943289521095E+000          1.1427005186188539E+003          8.5215794511392016E+002          1.5826293510086433E+001          8.3174279503949773E+000         -7.9912253936521669E+000         -8.8663520909109828E+000         -9.8999999999999986E+001         -9.8999999999999986E+001         -7.9912253936521669E+000         -8.8663520909109828E+000          1.0000000000000009E-002          8.2970225406107131E+054         -8.6583780674012156E+037 
                             180          2.5843566193144335E+006          3.1693751256793662E+003          2.6235955403920311E+003          1.4433941625750469E+001          2.7463366862116128E+001          5.7507930716535975E+000          3.6985239259674225E+000          1.1427448105190997E+003          8.5220999367351772E+002          1.5825253432584789E+001          8.3172899158889120E+000         -7.9865615658411198E+000         -8.8649433764030530E+000         -9.8999999999999986E+001         -9.8999999999999986E+001         -7.9865615658411198E+000         -8.8649433764030530E+000          1.0000000000000009E-002          8.2967444326840549E+054         -8.7308699653613176E+037 
                             185          2.6851872422533124E+006          3.1696861796682838E+003          2.6237242816865464E+003          1.4433702350248726E+001          2.7461550309584140E+001          5.7768148212248454E+000          3.7042967967341469E+000          1.1427893116814457E+003          8.5226237242787533E+002          1.5824206676279605E+001          8.3171520369163474E+000         -7.9818668885418234E+000         -8.8635269309300941E+000         -9.8999999999999986E+001         -9.8999999999999986E+001         -7.9818668885418234E+000         -8.8635269309300941E+000          1.0000000000000009E-002          8.2964652110174279E+054         -8.8045569527589030E+037 
                             190          2.7860725116658430E+006          3.1700005660238207E+003          2.6238543957840138E+003          1.4433462161371788E+001          2.7459712953478888E+001          5.8031247931699363E+000          3.7100494338061565E+000          1.1428342465643877E+003          8.5231534701822329E+002          1.5823147932253326E+001          8.3170136316021690E+000         -7.9771487581955443E+000         -8.8621054083908639E+000         -9.8999999999999986E+001         -9.8999999999999986E+001         -7.9771487581955443E+000         -8.8621054083908639E+000          1.0000000000000009E-002          8.2961834705249446E+054         -8.8793424699553589E+037 
                             195          2.8874704519490399E+006          3.1703197958537976E+003          2.6239865078299326E+003          1.4433219954000549E+001          2.7457845925120399E+001          5.8298680486611136E+000          3.7158044750292518E+000          1.1428798298299150E+003          8.5236917309369244E+002          1.5822072090075705E+001          8.3168740631322642E+000         -7.9723597716130472E+000         -8.8606626122864025E+000         -9.8999999999999986E+001         -9.8999999999999986E+001         -7.9723597716130472E+000         -8.8606626122864025E+000          1.0000000000000009E-002          8.2958978712433580E+054         -8.9560193782371656E+037 
                             200          2.9891890671698437E+006          3.1706433643019018E+003          2.6241204086057182E+003          1.4432976168418350E+001          2.7455952133604345E+001          5.8570045395404797E+000          3.7215537478630463E+000          1.1429259878628350E+003          8.5242376671948170E+002          1.5820980826063181E+001          8.3167335852139388E+000         -7.9675325586825076E+000         -8.8592083782159481E+000         -9.8999999999999986E+001         -9.8999999999999986E+001         -7.9675325586825076E+000         -8.8592083782159481E+000          1.0000000000000009E-002          8.2956088813509860E+054         -9.0341017486065416E+037 
                             205          3.0900159146437598E+006          3.1709674497969318E+003          2.6242545164986004E+003          1.4432733708818523E+001          2.7454053928311897E+001          5.8842227614979041E+000          3.7272345764869033E+000          1.1429721748247759E+003          8.5247848362045852E+002          1.5819887018675342E+001          8.3165938713581955E+000         -7.9627075490705490E+000         -8.8577558273798473E+000         -9.8999999999999986E+001         -9.8999999999999986E+001         -7.9627075490705490E+000         -8.8577558273798473E+000          1.0000000000000009E-002          8.2953199212683934E+054         -9.1129459180987201E+037 
                             210          3.1910764279479380E+006          3.1712956899699147E+003          2.6243903366254990E+003          1.4432489869628785E+001          2.7452129994370374E+001          5.9118195260253303E+000          3.7329087277497055E+000          1.1430189086747582E+003          8.5253393826681088E+002          1.5818778385569354E+001          8.3164533625059693E+000         -7.9578460332502692E+000         -8.8562901382098094E+000         -9.8999999999999986E+001         -9.8999999999999986E+001         -7.9578460332502692E+000         -8.8562901382098094E+000          1.0000000000000009E-002          8.2950277523289417E+054         -9.1932240059627452E+037 
                             215          3.2914569811186516E+006          3.1716251515511126E+003          2.6245266550802694E+003          1.4432246852298736E+001          2.7450197510494750E+001          5.9395589533910229E+000          3.7385263571087024E+000          1.1430657711570138E+003          8.5258963554747675E+002          1.5817664825694871E+001          8.3163133272200884E+000         -7.9530007247298773E+000         -8.8548277485346958E+000         -9.8999999999999986E+001         -9.8999999999999986E+001         -7.9530007247298773E+000         -8.8548277485346958E+000          1.0000000000000009E-002          8.2947349920753084E+054         -9.2740769715121524E+037 
                             220          3.3922150731730922E+006          3.1719593403010381E+003          2.6246649222177653E+003          1.4432002094042746E+001          2.7448235899322302E+001          5.9677521896168075E+000          3.7441522850762685E+000          1.1431132602765178E+003          8.5264616858985391E+002          1.5816534481685688E+001          8.3161722887197644E+000         -7.9481160261885337E+000         -8.8533510381621277E+000         -9.8999999999999986E+001         -9.8999999999999986E+001         -7.9481160261885337E+000         -8.8533510381621277E+000          1.0000000000000009E-002          8.2944385321127640E+054         -9.3564533423701786E+037 
                             225          3.4942141454873355E+006          3.1723012573888332E+003          2.6248063793315655E+003          1.4431753469917235E+001          2.7446227491012667E+001          5.9966576837525665E+000          3.7498302152014560E+000          1.1431618005412015E+003          8.5270404659120175E+002          1.5815377171584625E+001          8.3160290225243223E+000         -7.9431623476220770E+000         -8.8518510177164931E+000         -9.8999999999999986E+001         -9.8999999999999986E+001         -7.9431623476220770E+000         -8.8518510177164931E+000          1.0000000000000009E-002          8.2941357312853744E+054         -9.4408917971961386E+037 
                             230          3.5954061624581423E+006          3.1726441238333314E+003          2.6249482215543362E+003          1.4431505957270367E+001          2.7444212070781091E+001          6.0257071525527239E+000          3.7554509869829498E+000          1.1432104282719813E+003          8.5276212302637566E+002          1.5814215820967506E+001          8.3158863967835668E+000         -7.9381983997173142E+000         -8.8503467816444186E+000         -9.8999999999999986E+001         -9.8999999999999986E+001         -7.9381983997173142E+000         -8.8503467816444186E+000          1.0000000000000009E-002          8.2938326070526010E+054         -9.5264111937302651E+037 
                             235          3.6956469235523134E+006          3.1729874124476651E+003          2.6250902307469214E+003          1.4431259923947650E+001          2.7442192752342997E+001          6.0548932717332420E+000          3.7610100710195242E+000          1.1432590689857932E+003          8.5282030830596636E+002          1.5813052224061675E+001          8.3157446234652195E+000         -7.9332753002607408E+000         -8.8488521517042482E+000         -9.8999999999999986E+001         -9.8999999999999986E+001         -7.9332753002607408E+000         -8.8488521517042482E+000          1.0000000000000009E-002          8.2935296220645823E+054         -9.6121472694300196E+037 
                             240          3.7964764294678560E+006          3.1733364267887182E+003          2.6252346006378198E+003          1.4431011588301756E+001          2.7440138329103259E+001          6.0846633320690007E+000          3.7665893045088517E+000          1.1433084735775215E+003          8.5287950172083401E+002          1.5811868398576500E+001          8.3156015234277696E+000         -7.9283199451307329E+000         -8.8473450945194170E+000         -9.8999999999999986E+001         -9.8999999999999986E+001         -7.9283199451307329E+000         -8.8473450945194170E+000          1.0000000000000009E-002          8.2932221012510298E+054         -9.6993804623484194E+037 
                             245          3.8995864994982025E+006          3.1736972347417013E+003          2.6253838406058480E+003          1.4430756740393720E+001          2.7438013004354136E+001          6.1155499041135464E+000          3.7722874940646496E+000          1.1433594980909484E+003          8.5294073460692562E+002          1.5810643717238568E+001          8.3154546707262451E+000         -7.9232328813707094E+000         -8.8457964109574938E+000         -9.8999999999999986E+001         -9.8999999999999986E+001         -7.9232328813707094E+000         -8.8457964109574938E+000          1.0000000000000009E-002          8.2929047293011673E+054         -9.7899103332938459E+037 
                             250          4.0023432726329239E+006          3.1740607995371734E+003          2.6255342122952093E+003          1.4430501855150531E+001          2.7435869941113960E+001          6.1468150962584591E+000          3.7779595461558295E+000          1.1434108620984357E+003          8.5300247522942016E+002          1.5809408814370377E+001          8.3153077964817754E+000         -7.9181371759800587E+000         -8.8442413436551597E+000         -9.8999999999999986E+001         -9.8999999999999986E+001         -7.9181371759800587E+000         -8.8442413436551597E+000          1.0000000000000009E-002          8.2925854818289692E+054         -9.8816132096968417E+037 
                             255          4.1054963902002773E+006          3.1744298337626228E+003          2.6256868373484140E+003          1.4430245065105474E+001          2.7433693129426256E+001          6.1786945807282656E+000          3.7836432594851721E+000          1.1434629478622028E+003          8.5306518491734585E+002          1.5808154464492267E+001          8.3151598245801068E+000         -7.9130185481467175E+000         -8.8426770715400753E+000         -9.8999999999999986E+001         -9.8999999999999986E+001         -7.9130185481467175E+000         -8.8426770715400753E+000          1.0000000000000009E-002          8.2922619870608322E+054         -9.9747587950636289E+037 
                             260          4.2115359807073763E+006          3.1748134942954343E+003          2.6258455021285340E+003          1.4429980121468436E+001          2.7431428467642959E+001          6.2120283541513359E+000          3.7894843360885031E+000          1.1435170444632297E+003          8.5313042220710076E+002          1.5806849492396395E+001          8.3150071541980566E+000         -7.9077649236927119E+000         -8.8410687145579683E+000         -9.8999999999999986E+001         -9.8999999999999986E+001         -7.9077649236927119E+000         -8.8410687145579683E+000          1.0000000000000009E-002          8.2919262538228345E+054         -1.0071452156217362E+038 
                               5          4.7943350434134192E+002          3.1622788542694407E+003          2.6206567650474994E+003          1.4439839785433042E+001          2.7504451959399798E+001          5.1506670884479178E+000          3.5760296691083417E+000          1.1417181376015678E+003          8.5102425867566023E+002          1.5848927985075642E+001          8.3206886366316262E+000         -8.1170495440392525E+000         -8.9255202857221114E+000         -9.8999999999999986E+001         -9.8999999999999986E+001         -8.1170495440392525E+000         -8.9255202857221114E+000          1.0000000000000009E-002          8.3032405677652526E+054         -6.8263439826023221E+037 
                              10          1.3276323229150194E+003          3.1622806246479772E+003          2.6206574986250912E+003          1.4439838175478771E+001          2.7504441828257459E+001          5.2103790744404304E+000          3.6025040488631541E+000          1.1417183972896410E+003          8.5102455154398831E+002          1.5848922147193575E+001          8.3206877089254458E+000         -8.1855677589186193E+000         -8.9819085659179638E+000         -9.8999999999999986E+001         -9.8999999999999986E+001         -8.1855677589186193E+000         -8.9819085659179638E+000          1.0000000000000009E-002          8.3032389077956943E+054         -5.8895614174803334E+037 
                              15          3.1624643071192731E+003          3.1622840504551177E+003          2.6206589181487984E+003          1.4439835224402719E+001          2.7504422059512599E+001          5.2481686494175692E+000          3.6373577866808762E+000          1.1417188957573724E+003          8.5102512195638928E+002          1.5848910755822473E+001          8.3206860084227507E+000         -8.2083426662603820E+000         -9.0616310924576329E+000         -9.8999999999999986E+001         -9.8999999999999986E+001         -8.2083426662603820E+000         -9.0616310924576329E+000          1.0000000000000009E-002          8.3032357405156496E+054         -5.3365784991403994E+037 
                              20          7.1340502229831282E+003          3.1622922319964837E+003          2.6206623082640344E+003          1.4439829815569324E+001          2.7504373208827023E+001          5.2314047280333886E+000          3.6784951787863704E+000          1.1417200458326415E+003          8.5102652104621154E+002          1.5848882606523558E+001          8.3206828916824804E+000         -8.1049014838897069E+000         -9.1233807424270061E+000         -9.8999999999999986E+001         -9.8999999999999986E+001         -8.1049014838897069E+000         -9.1233807424270061E+000          1.0000000000000009E-002          8.3032286240561844E+054         -6.0494723898725742E+037 
                              25          1.3269534954226901E+004          3.1623077690830241E+003          2.6206687462211949E+003          1.4439821502204031E+001          2.7504278481689621E+001          5.1304051425696864E+000          3.7397880760769944E+000          1.1417221816357776E+003          8.5102922197332316E+002          1.5848828021769396E+001          8.3206781012573838E+000         -8.0385614313015701E+000         -9.0834936840103424E+000         -9.8999999999999986E+001         -9.8999999999999986E+001         -8.0385614313015701E+000         -9.0834936840103424E+000          1.0000000000000009E-002          8.3032156445005565E+054         -6.9404332731885999E+037 
                              30          2.0531533505997886E+004          3.1623264939688547E+003          2.6206765050558956E+003          1.4439808755262382E+001          2.7504167047951249E+001          5.0792438999992138E+000          3.7701361139931970E+000          1.1417248228311275E+003          8.5103241575551147E+002          1.5848763810146364E+001          8.3206707560658142E+000         -8.0650074057488013E+000         -8.9357054430457534E+000         -9.8999999999999986E+001         -9.8999999999999986E+001         -8.0650074057488013E+000         -8.9357054430457534E+000          1.0000000000000009E-002          8.3031992568705132E+054         -7.3250131544459390E+037 
                              35          2.9031726652667214E+004          3.1623483647834587E+003          2.6206855674071903E+003          1.4439788476545466E+001          2.7504042284051437E+001          5.0736825449085456E+000          3.7289012852057772E+000          1.1417280405231197E+003          8.5103602498770056E+002          1.5848691917266615E+001          8.3206590708293184E+000         -8.0755880806223939E+000         -8.8221611568182485E+000         -9.8999999999999986E+001         -9.8999999999999986E+001         -8.0755880806223939E+000         -8.8221611568182485E+000          1.0000000000000009E-002          8.3031786438595581E+054         -7.9250296790941237E+037 
                              40          4.0839833119231298E+004          3.1623792417993795E+003          2.6206983614983405E+003          1.4439755531388828E+001          2.7503870461928653E+001          5.0782588334575651E+000          3.6307420047050942E+000          1.1417326895183692E+003          8.5104102346652360E+002          1.5848592907958221E+001          8.3206400867906005E+000         -8.0766321159575654E+000         -8.7915839026587914E+000         -9.8999999999999986E+001         -9.8999999999999986E+001         -8.0766321159575654E+000         -8.7915839026587914E+000          1.0000000000000009E-002          8.3031483640142291E+054         -8.1413049407745111E+037 
                              45          6.7185726119168932E+004          3.1624470012268375E+003          2.6207264378326840E+003          1.4439689505347120E+001          2.7503487137851078E+001          5.0885891247341997E+000          3.5399066500015945E+000          1.1417427371556844E+003          8.5105213343771652E+002          1.5848372024532686E+001          8.3206020404786329E+000         -8.0765016050293674E+000         -8.8706440764421135E+000         -9.8999999999999986E+001         -9.8999999999999986E+001         -8.0765016050293674E+000         -8.8706440764421135E+000          1.0000000000000009E-002          8.3030836289322174E+054         -7.5851361431901596E+037 
